<?xml version="1.0" encoding="utf-8"?>
<COLLADA xmlns="http://www.collada.org/2005/11/COLLADASchema" version="1.4.1">
  <asset>
    <contributor>
      <author>Mixamo</author>
      <authoring_tool>COLLADA Mixamo exporter</authoring_tool>
      <comments/>
    </contributor>
    <created>2026-05-14T19:12:32Z</created>
    <modified>2026-05-14T19:12:32Z</modified>
    <revision/>
    <title/>
    <unit meter="0.010000"/>
    <up_axis>Y_UP</up_axis>
  </asset>
  <library_animations>
    <animation id="mixamorig_Hips-anim" name="mixamorig_Hips">
      <source id="mixamorig_Hips-Matrix-animation-input">
        <float_array id="mixamorig_Hips-Matrix-animation-input-array" count="20">

0.000000 0.033333 0.066667 0.100000 0.133333 0.166667 0.200000 0.233333 0.266667 0.300000 0.333333 0.366667 0.400000 0.433333 0.466667 0.500000
0.533333 0.566667 0.600000 0.633333</float_array>
        <technique_common>
          <accessor source="#mixamorig_Hips-Matrix-animation-input-array" count="20">
            <param name="TIME" type="float"/>
          </accessor>
        </technique_common>
      </source>
      <source id="mixamorig_Hips-Matrix-animation-output-transform">
        <float_array id="mixamorig_Hips-Matrix-animation-output-transform-array" count="320">

0.992308 0.068229 -0.103291 0.376513 -0.081833 0.987626 -0.133785 94.277771 0.092885 0.141208 0.985613 3.911391 0.000000 0.000000 0.000000 1.000000
0.995810 0.029750 -0.086472 -0.034242 -0.041945 0.988857 -0.142834 95.972252 0.081259 0.145863 0.985962 4.689888 0.000000 0.000000 0.000000 1.000000
0.997880 0.001053 -0.065074 -0.460858 -0.012191 0.985194 -0.171011 98.541153 0.063931 0.171442 0.983118 4.607777 0.000000 0.000000 0.000000 1.000000
0.998805 0.011375 -0.047539 -0.605278 -0.019696 0.983758 -0.178415 99.551933 0.044738 0.179138 0.982806 4.621593 0.000000 0.000000 0.000000 1.000000
0.999923 0.010392 -0.006829 -0.748894 -0.011285 0.989002 -0.147473 99.241096 0.005222 0.147538 0.989043 3.592783 0.000000 0.000000 0.000000 1.000000
0.997685 -0.011307 0.067053 -0.565581 0.019036 0.993093 -0.115778 97.354370 -0.065280 0.116786 0.991009 2.606604 0.000000 0.000000 0.000000 1.000000
0.990119 -0.049143 0.131336 -0.447859 0.064385 0.991341 -0.114445 95.510796 -0.124575 0.121770 0.984710 2.244399 0.000000 0.000000 0.000000 1.000000
0.982258 -0.111148 0.151050 -0.004354 0.132775 0.980983 -0.141575 93.807747 -0.132442 0.159119 0.978335 -0.589416 0.000000 0.000000 0.000000 1.000000
0.978146 -0.137238 0.156196 0.023277 0.164181 0.970741 -0.175234 92.331955 -0.127577 0.197048 0.972058 -1.113588 0.000000 0.000000 0.000000 1.000000
0.984212 -0.089935 0.152441 0.321542 0.119612 0.972809 -0.198331 92.795959 -0.130459 0.213434 0.968208 1.295834 0.000000 0.000000 0.000000 1.000000
0.987359 -0.041327 0.153019 0.984691 0.073034 0.975439 -0.207808 93.951530 -0.140673 0.216357 0.966127 4.947897 0.000000 0.000000 0.000000 1.000000
0.988287 -0.013342 0.152019 1.526061 0.045922 0.975997 -0.212886 96.746735 -0.145530 0.217374 0.965179 5.951015 0.000000 0.000000 0.000000 1.000000
0.990252 -0.010862 0.138861 1.396073 0.040648 0.976093 -0.213521 98.896652 -0.133222 0.217084 0.967019 6.242188 0.000000 0.000000 0.000000 1.000000
0.992063 -0.009803 0.125357 1.372693 0.034779 0.979455 -0.198640 100.027664 -0.120834 0.201424 0.972022 5.255673 0.000000 0.000000 0.000000 1.000000
0.994502 -0.017914 0.103170 1.271300 0.035637 0.984346 -0.172606 99.715454 -0.098463 0.175334 0.979573 4.759746 0.000000 0.000000 0.000000 1.000000
0.998037 -0.030443 0.054730 1.181475 0.038796 0.986564 -0.158702 98.156303 -0.049163 0.160514 0.985808 3.445139 0.000000 0.000000 0.000000 1.000000
0.999463 -0.013980 -0.029645 1.100891 0.008928 0.986391 -0.164173 96.813507 0.031537 0.163820 0.985986 3.544168 0.000000 0.000000 0.000000 1.000000
0.995159 0.022545 -0.095652 0.773629 -0.037714 0.986416 -0.159877 95.871719 0.090748 0.162710 0.982492 3.657083 0.000000 0.000000 0.000000 1.000000
0.991427 0.067864 -0.111659 0.528298 -0.083566 0.986251 -0.142566 94.511192 0.100449 0.150674 0.983467 2.416164 0.000000 0.000000 0.000000 1.000000
0.992308 0.068228 -0.103291 0.376511 -0.081832 0.987626 -0.133785 94.277756 0.092885 0.141208 0.985613 3.911395 0.000000 0.000000 0.000000 1.000000</float_array>
        <technique_common>
          <accessor source="#mixamorig_Hips-Matrix-animation-output-transform-array" count="20" stride="16">
            <param type="float4x4"/>
          </accessor>
        </technique_common>
      </source>
      <source id="mixamorig_Hips-Interpolations">
        <Name_array id="mixamorig_Hips-Interpolations-array" count="20">
 LINEAR LINEAR LINEAR LINEAR LINEAR LINEAR LINEAR LINEAR LINEAR LINEAR LINEAR
LINEAR LINEAR LINEAR LINEAR LINEAR LINEAR LINEAR LINEAR LINEAR</Name_array>
        <technique_common>
          <accessor source="#mixamorig_Hips-Interpolations-array" count="20">
            <param type="name"/>
          </accessor>
        </technique_common>
      </source>
      <sampler id="mixamorig_Hips-Matrix-animation-transform">
        <input semantic="INPUT" source="#mixamorig_Hips-Matrix-animation-input"/>
        <input semantic="OUTPUT" source="#mixamorig_Hips-Matrix-animation-output-transform"/>
        <input semantic="INTERPOLATION" source="#mixamorig_Hips-Interpolations"/>
      </sampler>
      <channel source="#mixamorig_Hips-Matrix-animation-transform" target="mixamorig_Hips/matrix"/>
    </animation>
    <animation id="mixamorig_Spine-anim" name="mixamorig_Spine">
      <source id="mixamorig_Spine-Matrix-animation-input">
        <float_array id="mixamorig_Spine-Matrix-animation-input-array" count="20">

0.000000 0.033333 0.066667 0.100000 0.133333 0.166667 0.200000 0.233333 0.266667 0.300000 0.333333 0.366667 0.400000 0.433333 0.466667 0.500000
0.533333 0.566667 0.600000 0.633333</float_array>
        <technique_common>
          <accessor source="#mixamorig_Spine-Matrix-animation-input-array" count="20">
            <param name="TIME" type="float"/>
          </accessor>
        </technique_common>
      </source>
      <source id="mixamorig_Spine-Matrix-animation-output-transform">
        <float_array id="mixamorig_Spine-Matrix-animation-output-transform-array" count="320">

0.967814 -0.030370 0.249826 0.000000 0.085710 0.973124 -0.213739 5.645700 -0.236620 0.228272 0.944406 -0.031900 0.000000 0.000000 0.000000 1.000000
0.961859 0.011483 0.273304 -0.000000 0.029201 0.989099 -0.144326 5.645700 -0.271982 0.146802 0.951039 -0.031900 0.000000 0.000000 0.000000 1.000000
0.958627 0.029027 0.283182 -0.000000 -0.009337 0.997459 -0.070634 5.645700 -0.284513 0.065067 0.956462 -0.031900 0.000000 0.000000 0.000000 1.000000
0.959753 0.005440 0.280792 -0.000000 0.007236 0.999001 -0.044088 5.645700 -0.280752 0.044345 0.958755 -0.031900 0.000000 0.000000 0.000000 1.000000
0.972764 0.018370 0.231070 0.000000 0.004735 0.995072 -0.099044 5.645700 -0.231751 0.097441 0.967883 -0.031900 0.000000 0.000000 0.000000 1.000000
0.989471 0.067446 0.128052 0.000000 -0.043884 0.982938 -0.178627 5.645700 -0.137915 0.171127 0.975549 -0.031900 0.000000 0.000000 0.000000 1.000000
0.992866 0.118922 0.008662 0.000000 -0.113639 0.965753 -0.233252 5.645700 -0.036104 0.230603 0.972378 -0.031900 0.000000 0.000000 0.000000 1.000000
0.980733 0.173940 -0.088924 0.000000 -0.190733 0.950987 -0.243402 5.645700 0.042228 0.255673 0.965840 -0.031900 0.000000 0.000000 0.000000 1.000000
0.965576 0.196151 -0.170846 -0.000000 -0.227393 0.955442 -0.188208 5.645700 0.126316 0.220578 0.967155 -0.031900 0.000000 0.000000 0.000000 1.000000
0.959709 0.155954 -0.233747 -0.000000 -0.179975 0.979984 -0.085096 5.645700 0.215797 0.123736 0.968567 -0.031900 0.000000 0.000000 0.000000 1.000000
0.952556 0.102966 -0.286418 0.000000 -0.103639 0.994532 0.012849 5.645700 0.286175 0.017445 0.958019 -0.031900 0.000000 0.000000 0.000000 1.000000
0.948583 0.062690 -0.310260 0.000000 -0.046299 0.997129 0.059924 5.645700 0.313125 -0.042478 0.948761 -0.031900 0.000000 0.000000 0.000000 1.000000
0.952479 0.055185 -0.299563 0.000000 -0.037945 0.997288 0.063070 5.645700 0.302231 -0.048706 0.951989 -0.031900 0.000000 0.000000 0.000000 1.000000
0.961247 0.051069 -0.270918 -0.000000 -0.043968 0.998513 0.032220 5.645700 0.272160 -0.019059 0.962063 -0.031900 0.000000 0.000000 0.000000 1.000000
0.975790 0.043122 -0.214417 0.000000 -0.050771 0.998251 -0.030289 5.645700 0.212736 0.040442 0.976272 -0.031900 0.000000 0.000000 0.000000 1.000000
0.992495 0.029078 -0.118778 0.000000 -0.043357 0.991891 -0.119463 5.645700 0.114341 0.123717 0.985708 -0.031900 0.000000 0.000000 0.000000 1.000000
0.999923 0.001504 0.012317 0.000000 0.001070 0.978470 -0.206388 5.645700 -0.012362 0.206385 0.978393 -0.031900 0.000000 0.000000 0.000000 1.000000
0.992030 -0.024513 0.123593 -0.000000 0.055513 0.965593 -0.254065 5.645700 -0.113112 0.258901 0.959258 -0.031900 0.000000 0.000000 0.000000 1.000000
0.978167 -0.048431 0.202097 0.000000 0.099798 0.962467 -0.252383 5.645700 -0.182288 0.267042 0.946287 -0.031900 0.000000 0.000000 0.000000 1.000000
0.967814 -0.030370 0.249826 0.000000 0.085710 0.973124 -0.213739 5.645700 -0.236620 0.228272 0.944406 -0.031900 0.000000 0.000000 0.000000 1.000000</float_array>
        <technique_common>
          <accessor source="#mixamorig_Spine-Matrix-animation-output-transform-array" count="20" stride="16">
            <param type="float4x4"/>
          </accessor>
        </technique_common>
      </source>
      <source id="mixamorig_Spine-Interpolations">
        <Name_array id="mixamorig_Spine-Interpolations-array" count="20">
 LINEAR LINEAR LINEAR LINEAR LINEAR LINEAR LINEAR LINEAR LINEAR LINEAR LINEAR
LINEAR LINEAR LINEAR LINEAR LINEAR LINEAR LINEAR LINEAR LINEAR</Name_array>
        <technique_common>
          <accessor source="#mixamorig_Spine-Interpolations-array" count="20">
            <param type="name"/>
          </accessor>
        </technique_common>
      </source>
      <sampler id="mixamorig_Spine-Matrix-animation-transform">
        <input semantic="INPUT" source="#mixamorig_Spine-Matrix-animation-input"/>
        <input semantic="OUTPUT" source="#mixamorig_Spine-Matrix-animation-output-transform"/>
        <input semantic="INTERPOLATION" source="#mixamorig_Spine-Interpolations"/>
      </sampler>
      <channel source="#mixamorig_Spine-Matrix-animation-transform" target="mixamorig_Spine/matrix"/>
    </animation>
    <animation id="mixamorig_Spine1-anim" name="mixamorig_Spine1">
      <source id="mixamorig_Spine1-Matrix-animation-input">
        <float_array id="mixamorig_Spine1-Matrix-animation-input-array" count="20">

0.000000 0.033333 0.066667 0.100000 0.133333 0.166667 0.200000 0.233333 0.266667 0.300000 0.333333 0.366667 0.400000 0.433333 0.466667 0.500000
0.533333 0.566667 0.600000 0.633333</float_array>
        <technique_common>
          <accessor source="#mixamorig_Spine1-Matrix-animation-input-array" count="20">
            <param name="TIME" type="float"/>
          </accessor>
        </technique_common>
      </source>
      <source id="mixamorig_Spine1-Matrix-animation-output-transform">
        <float_array id="mixamorig_Spine1-Matrix-animation-output-transform-array" count="320">

0.999243 -0.023674 0.030877 0.000000 0.021803 0.997986 0.059567 6.586800 -0.032225 -0.058849 0.997747 0.000000 0.000000 0.000000 0.000000 1.000000
0.999175 -0.021135 0.034691 0.000000 0.019903 0.999173 0.035467 6.586800 -0.035412 -0.034747 0.998769 0.000000 0.000000 0.000000 0.000000 1.000000
0.999249 -0.009995 0.037444 -0.000000 0.009645 0.999908 0.009523 6.586800 -0.037536 -0.009154 0.999253 -0.000000 0.000000 0.000000 0.000000 1.000000
0.999255 0.002899 0.038489 0.000000 -0.002857 0.999995 -0.001147 6.586800 -0.038492 0.001036 0.999258 0.000000 0.000000 0.000000 0.000000 1.000000
0.999478 -0.001075 0.032275 0.000000 0.000962 0.999993 0.003511 6.586800 -0.032278 -0.003478 0.999473 -0.000000 0.000000 0.000000 0.000000 1.000000
0.999529 -0.025189 0.017534 0.000000 0.024818 0.999470 0.021064 6.586800 -0.018055 -0.020619 0.999624 0.000000 0.000000 0.000000 0.000000 1.000000
0.998625 -0.052422 0.000839 -0.000000 0.052317 0.997411 0.049338 6.586800 -0.003423 -0.049227 0.998782 -0.000000 0.000000 0.000000 0.000000 1.000000
0.997510 -0.069474 -0.012097 -0.000000 0.070081 0.995714 0.060356 6.586800 0.007852 -0.061053 0.998104 0.000000 0.000000 0.000000 0.000000 1.000000
0.996741 -0.077476 -0.022462 0.000000 0.078152 0.996461 0.030950 6.586800 0.019984 -0.032605 0.999269 0.000000 0.000000 0.000000 0.000000 1.000000
0.996902 -0.071830 -0.032032 0.000000 0.071540 0.997386 -0.010108 6.586800 0.032674 0.007785 0.999436 0.000000 0.000000 0.000000 0.000000 1.000000
0.997688 -0.055459 -0.039291 0.000000 0.054139 0.997957 -0.033915 6.586800 0.041092 0.031709 0.998652 0.000000 0.000000 0.000000 0.000000 1.000000
0.998006 -0.047519 -0.041542 0.000000 0.045676 0.997975 -0.044260 6.586800 0.043561 0.042274 0.998156 0.000000 0.000000 0.000000 0.000000 1.000000
0.997777 -0.053601 -0.039598 0.000000 0.051694 0.997522 -0.047717 6.586800 0.042058 0.045564 0.998076 0.000000 0.000000 0.000000 0.000000 1.000000
0.997266 -0.064087 -0.036776 -0.000000 0.062498 0.997125 -0.042857 6.586800 0.039417 0.040442 0.998404 0.000000 0.000000 0.000000 0.000000 1.000000
0.997285 -0.066545 -0.031530 0.000000 0.065722 0.997487 -0.026463 6.586800 0.033212 0.024319 0.999152 0.000000 0.000000 0.000000 0.000000 1.000000
0.998528 -0.050481 -0.019819 -0.000000 0.050460 0.998725 -0.001568 6.586800 0.019873 0.000565 0.999802 -0.000000 0.000000 0.000000 0.000000 1.000000
0.999602 -0.028030 -0.003233 0.000000 0.028099 0.999320 0.023872 6.586800 0.002561 -0.023953 0.999710 0.000000 0.000000 0.000000 0.000000 1.000000
0.999750 -0.018493 0.012552 -0.000000 0.017879 0.998719 0.047329 6.586800 -0.013411 -0.047092 0.998800 -0.000000 0.000000 0.000000 0.000000 1.000000
0.999506 -0.020474 0.023844 -0.000000 0.018913 0.997774 0.063941 6.586800 -0.025100 -0.063458 0.997669 0.000000 0.000000 0.000000 0.000000 1.000000
0.999243 -0.023674 0.030877 0.000000 0.021803 0.997986 0.059567 6.586800 -0.032225 -0.058849 0.997747 0.000000 0.000000 0.000000 0.000000 1.000000</float_array>
        <technique_common>
          <accessor source="#mixamorig_Spine1-Matrix-animation-output-transform-array" count="20" stride="16">
            <param type="float4x4"/>
          </accessor>
        </technique_common>
      </source>
      <source id="mixamorig_Spine1-Interpolations">
        <Name_array id="mixamorig_Spine1-Interpolations-array" count="20">
 LINEAR LINEAR LINEAR LINEAR LINEAR LINEAR LINEAR LINEAR LINEAR LINEAR LINEAR
LINEAR LINEAR LINEAR LINEAR LINEAR LINEAR LINEAR LINEAR LINEAR</Name_array>
        <technique_common>
          <accessor source="#mixamorig_Spine1-Interpolations-array" count="20">
            <param type="name"/>
          </accessor>
        </technique_common>
      </source>
      <sampler id="mixamorig_Spine1-Matrix-animation-transform">
        <input semantic="INPUT" source="#mixamorig_Spine1-Matrix-animation-input"/>
        <input semantic="OUTPUT" source="#mixamorig_Spine1-Matrix-animation-output-transform"/>
        <input semantic="INTERPOLATION" source="#mixamorig_Spine1-Interpolations"/>
      </sampler>
      <channel source="#mixamorig_Spine1-Matrix-animation-transform" target="mixamorig_Spine1/matrix"/>
    </animation>
    <animation id="mixamorig_Spine2-anim" name="mixamorig_Spine2">
      <source id="mixamorig_Spine2-Matrix-animation-input">
        <float_array id="mixamorig_Spine2-Matrix-animation-input-array" count="20">

0.000000 0.033333 0.066667 0.100000 0.133333 0.166667 0.200000 0.233333 0.266667 0.300000 0.333333 0.366667 0.400000 0.433333 0.466667 0.500000
0.533333 0.566667 0.600000 0.633333</float_array>
        <technique_common>
          <accessor source="#mixamorig_Spine2-Matrix-animation-input-array" count="20">
            <param name="TIME" type="float"/>
          </accessor>
        </technique_common>
      </source>
      <source id="mixamorig_Spine2-Matrix-animation-output-transform">
        <float_array id="mixamorig_Spine2-Matrix-animation-output-transform-array" count="320">

0.999290 -0.021469 0.030958 0.000000 0.019621 0.998077 0.058794 7.527800 -0.032161 -0.058144 0.997790 0.000000 0.000000 0.000000 0.000000 1.000000
0.999221 -0.018902 0.034632 -0.000000 0.017655 0.999197 0.035962 7.527800 -0.035284 -0.035323 0.998753 0.000000 0.000000 0.000000 0.000000 1.000000
0.999258 -0.008827 0.037488 0.000000 0.008426 0.999906 0.010819 7.527800 -0.037580 -0.010495 0.999239 -0.000000 0.000000 0.000000 0.000000 1.000000
0.999260 0.002792 0.038353 -0.000000 -0.002744 0.999995 -0.001294 7.527800 -0.038356 0.001188 0.999263 -0.000000 0.000000 0.000000 0.000000 1.000000
0.999489 -0.001268 0.031940 0.000000 0.001188 0.999996 0.002532 7.527800 -0.031943 -0.002493 0.999487 -0.000000 0.000000 0.000000 0.000000 1.000000
0.999557 -0.023962 0.017653 0.000000 0.023563 0.999470 0.022466 7.527800 -0.018182 -0.022040 0.999592 0.000000 0.000000 0.000000 0.000000 1.000000
0.998673 -0.051484 0.000989 -0.000000 0.051368 0.997394 0.050667 7.527800 -0.003595 -0.050549 0.998715 0.000000 0.000000 0.000000 0.000000 1.000000
0.997414 -0.070811 -0.012266 0.000000 0.071415 0.995699 0.059023 7.527800 0.008034 -0.059747 0.998181 -0.000000 0.000000 0.000000 0.000000 1.000000
0.996714 -0.077981 -0.021909 0.000000 0.078505 0.996622 0.024129 7.527800 0.019954 -0.025770 0.999469 0.000000 0.000000 0.000000 0.000000 1.000000
0.997044 -0.070504 -0.030533 -0.000000 0.069377 0.996922 -0.036523 7.527800 0.033014 0.034297 0.998866 0.000000 0.000000 0.000000 0.000000 1.000000
0.997841 -0.053746 -0.037755 0.000000 0.050310 0.994962 -0.086713 7.527800 0.042225 0.084627 0.995518 0.000000 0.000000 0.000000 0.000000 1.000000
0.998209 -0.043790 -0.040763 -0.000000 0.038956 0.992871 -0.112652 7.527800 0.045405 0.110862 0.992798 0.000000 0.000000 0.000000 0.000000 1.000000
0.998012 -0.049068 -0.039553 0.000000 0.044034 0.991869 -0.119406 7.527800 0.045090 0.117427 0.992057 0.000000 0.000000 0.000000 0.000000 1.000000
0.997474 -0.060969 -0.036434 0.000000 0.056750 0.992600 -0.107349 7.527800 0.042710 0.105010 0.993554 0.000000 0.000000 0.000000 0.000000 1.000000
0.997507 -0.063601 -0.030578 0.000000 0.061287 0.995561 -0.071434 7.527800 0.034985 0.069382 0.996977 0.000000 0.000000 0.000000 0.000000 1.000000
0.998568 -0.049970 -0.019102 -0.000000 0.049570 0.998553 -0.020839 7.527800 0.020116 0.019862 0.999600 -0.000000 0.000000 0.000000 0.000000 1.000000
0.999509 -0.031183 -0.002963 -0.000000 0.031242 0.999255 0.022652 7.527800 0.002254 -0.022734 0.999739 -0.000000 0.000000 0.000000 0.000000 1.000000
0.999697 -0.020979 0.012870 0.000000 0.020314 0.998551 0.049828 7.527800 -0.013896 -0.049551 0.998675 0.000000 0.000000 0.000000 0.000000 1.000000
0.999507 -0.020024 0.024186 -0.000000 0.018450 0.997804 0.063618 7.527800 -0.025407 -0.063141 0.997681 0.000000 0.000000 0.000000 0.000000 1.000000
0.999290 -0.021469 0.030958 0.000000 0.019621 0.998077 0.058794 7.527800 -0.032161 -0.058144 0.997790 -0.000000 0.000000 0.000000 0.000000 1.000000</float_array>
        <technique_common>
          <accessor source="#mixamorig_Spine2-Matrix-animation-output-transform-array" count="20" stride="16">
            <param type="float4x4"/>
          </accessor>
        </technique_common>
      </source>
      <source id="mixamorig_Spine2-Interpolations">
        <Name_array id="mixamorig_Spine2-Interpolations-array" count="20">
 LINEAR LINEAR LINEAR LINEAR LINEAR LINEAR LINEAR LINEAR LINEAR LINEAR LINEAR
LINEAR LINEAR LINEAR LINEAR LINEAR LINEAR LINEAR LINEAR LINEAR</Name_array>
        <technique_common>
          <accessor source="#mixamorig_Spine2-Interpolations-array" count="20">
            <param type="name"/>
          </accessor>
        </technique_common>
      </source>
      <sampler id="mixamorig_Spine2-Matrix-animation-transform">
        <input semantic="INPUT" source="#mixamorig_Spine2-Matrix-animation-input"/>
        <input semantic="OUTPUT" source="#mixamorig_Spine2-Matrix-animation-output-transform"/>
        <input semantic="INTERPOLATION" source="#mixamorig_Spine2-Interpolations"/>
      </sampler>
      <channel source="#mixamorig_Spine2-Matrix-animation-transform" target="mixamorig_Spine2/matrix"/>
    </animation>
    <animation id="mixamorig_Neck-anim" name="mixamorig_Neck">
      <source id="mixamorig_Neck-Matrix-animation-input">
        <float_array id="mixamorig_Neck-Matrix-animation-input-array" count="20">

0.000000 0.033333 0.066667 0.100000 0.133333 0.166667 0.200000 0.233333 0.266667 0.300000 0.333333 0.366667 0.400000 0.433333 0.466667 0.500000
0.533333 0.566667 0.600000 0.633333</float_array>
        <technique_common>
          <accessor source="#mixamorig_Neck-Matrix-animation-input-array" count="20">
            <param name="TIME" type="float"/>
          </accessor>
        </technique_common>
      </source>
      <source id="mixamorig_Neck-Matrix-animation-output-transform">
        <float_array id="mixamorig_Neck-Matrix-animation-output-transform-array" count="320">

0.997638 0.053298 -0.043326 0.000000 -0.056719 0.995015 -0.082019 8.468700 0.038739 0.084282 0.995689 0.000000 0.000000 0.000000 0.000000 1.000000
0.997311 0.049108 -0.054405 0.000000 -0.054661 0.992885 -0.105789 8.468700 0.048822 0.108479 0.992899 -0.000000 0.000000 0.000000 0.000000 1.000000
0.997083 0.045154 -0.061533 0.000000 -0.050945 0.994072 -0.096049 8.468700 0.056831 0.098904 0.993473 0.000000 0.000000 0.000000 0.000000 1.000000
0.996757 0.048899 -0.063912 -0.000000 -0.053213 0.996290 -0.067631 8.468700 0.060368 0.070813 0.995661 0.000000 0.000000 0.000000 0.000000 1.000000
0.995863 0.068002 -0.060279 -0.000000 -0.070944 0.996321 -0.048084 8.468700 0.056788 0.052162 0.997023 0.000000 0.000000 0.000000 0.000000 1.000000
0.994636 0.089707 -0.051491 -0.000000 -0.092237 0.994528 -0.049063 8.468700 0.046808 0.053549 0.997468 0.000000 0.000000 0.000000 0.000000 1.000000
0.994640 0.095922 -0.038607 0.000000 -0.098058 0.993496 -0.057883 8.468700 0.032804 0.061358 0.997577 -0.000000 0.000000 0.000000 0.000000 1.000000
0.996559 0.079799 -0.022407 0.000000 -0.080898 0.995289 -0.053430 8.468700 0.018038 0.055059 0.998320 0.000000 0.000000 0.000000 0.000000 1.000000
0.998655 0.051652 -0.004504 0.000000 -0.051772 0.998124 -0.032686 8.468700 0.002808 0.032875 0.999456 0.000000 0.000000 0.000000 0.000000 1.000000
0.999509 0.028960 0.011937 0.000000 -0.028825 0.999520 -0.011321 8.468700 -0.012259 0.010971 0.999865 0.000000 0.000000 0.000000 0.000000 1.000000
0.999507 0.020664 0.023652 0.000000 -0.020645 0.999786 -0.001036 8.468700 -0.023668 0.000548 0.999720 -0.000000 0.000000 0.000000 0.000000 1.000000
0.999336 0.021562 0.029367 0.000000 -0.021643 0.999763 0.002441 8.468700 -0.029307 -0.003074 0.999566 0.000000 0.000000 0.000000 0.000000 1.000000
0.999316 0.021724 0.029918 0.000000 -0.021976 0.999725 0.008124 8.468700 -0.029733 -0.008776 0.999519 0.000000 0.000000 0.000000 0.000000 1.000000
0.999471 0.018756 0.026575 0.000000 -0.019217 0.999667 0.017222 8.468700 -0.026243 -0.017723 0.999498 0.000000 0.000000 0.000000 0.000000 1.000000
0.999633 0.018272 0.019987 -0.000000 -0.018774 0.999506 0.025202 8.468700 -0.019516 -0.025568 0.999483 0.000000 0.000000 0.000000 0.000000 1.000000
0.999631 0.025008 0.010565 0.000000 -0.025297 0.999283 0.028154 8.468700 -0.009853 -0.028411 0.999548 0.000000 0.000000 0.000000 0.000000 1.000000
0.999300 0.037395 -0.001129 0.000000 -0.037361 0.999054 0.022268 8.468700 0.001960 -0.022210 0.999751 -0.000000 0.000000 0.000000 0.000000 1.000000
0.998672 0.049430 -0.014514 0.000000 -0.049399 0.998776 0.002504 8.468700 0.014620 -0.001784 0.999892 0.000000 0.000000 0.000000 0.000000 1.000000
0.998074 0.054768 -0.029129 0.000000 -0.055801 0.997796 -0.035907 8.468700 0.027099 0.037463 0.998931 0.000000 0.000000 0.000000 0.000000 1.000000
0.997638 0.053298 -0.043326 0.000000 -0.056719 0.995015 -0.082019 8.468700 0.038739 0.084282 0.995689 -0.000000 0.000000 0.000000 0.000000 1.000000</float_array>
        <technique_common>
          <accessor source="#mixamorig_Neck-Matrix-animation-output-transform-array" count="20" stride="16">
            <param type="float4x4"/>
          </accessor>
        </technique_common>
      </source>
      <source id="mixamorig_Neck-Interpolations">
        <Name_array id="mixamorig_Neck-Interpolations-array" count="20">
 LINEAR LINEAR LINEAR LINEAR LINEAR LINEAR LINEAR LINEAR LINEAR LINEAR LINEAR
LINEAR LINEAR LINEAR LINEAR LINEAR LINEAR LINEAR LINEAR LINEAR</Name_array>
        <technique_common>
          <accessor source="#mixamorig_Neck-Interpolations-array" count="20">
            <param type="name"/>
          </accessor>
        </technique_common>
      </source>
      <sampler id="mixamorig_Neck-Matrix-animation-transform">
        <input semantic="INPUT" source="#mixamorig_Neck-Matrix-animation-input"/>
        <input semantic="OUTPUT" source="#mixamorig_Neck-Matrix-animation-output-transform"/>
        <input semantic="INTERPOLATION" source="#mixamorig_Neck-Interpolations"/>
      </sampler>
      <channel source="#mixamorig_Neck-Matrix-animation-transform" target="mixamorig_Neck/matrix"/>
    </animation>
    <animation id="mixamorig_Head-anim" name="mixamorig_Head">
      <source id="mixamorig_Head-Matrix-animation-input">
        <float_array id="mixamorig_Head-Matrix-animation-input-array" count="20">

0.000000 0.033333 0.066667 0.100000 0.133333 0.166667 0.200000 0.233333 0.266667 0.300000 0.333333 0.366667 0.400000 0.433333 0.466667 0.500000
0.533333 0.566667 0.600000 0.633333</float_array>
        <technique_common>
          <accessor source="#mixamorig_Head-Matrix-animation-input-array" count="20">
            <param name="TIME" type="float"/>
          </accessor>
        </technique_common>
      </source>
      <source id="mixamorig_Head-Matrix-animation-output-transform">
        <float_array id="mixamorig_Head-Matrix-animation-output-transform-array" count="320">

0.993232 0.004900 -0.116040 0.000000 0.034669 0.941052 0.336481 5.998900 0.110848 -0.338227 0.934513 -1.159000 0.000000 0.000000 0.000000 1.000000
0.984829 0.005854 -0.173431 0.000000 0.047660 0.951873 0.302764 5.998900 0.166857 -0.306436 0.937153 -1.159000 0.000000 0.000000 0.000000 1.000000
0.977517 0.008230 -0.210696 0.000000 0.051257 0.959990 0.275302 5.998900 0.204531 -0.279912 0.937985 -1.159000 0.000000 0.000000 0.000000 1.000000
0.974699 0.004843 -0.223471 0.000000 0.057343 0.960889 0.270932 5.998900 0.216043 -0.276892 0.936299 -1.159000 0.000000 0.000000 0.000000 1.000000
0.977395 -0.002644 -0.211406 0.000000 0.064650 0.955764 0.286941 5.998900 0.201295 -0.294122 0.934330 -1.159000 0.000000 0.000000 0.000000 1.000000
0.983545 -0.010657 -0.180348 0.000000 0.069123 0.944499 0.321160 5.998900 0.166916 -0.328341 0.929694 -1.159000 0.000000 0.000000 0.000000 1.000000
0.990516 -0.018776 -0.136111 0.000000 0.067429 0.929555 0.362466 5.998900 0.119717 -0.368206 0.922004 -1.159000 0.000000 0.000000 0.000000 1.000000
0.997018 -0.021193 -0.074200 0.000000 0.048622 0.919199 0.390781 5.998900 0.059923 -0.393223 0.917488 -1.159000 0.000000 0.000000 0.000000 1.000000
0.999854 -0.014093 0.009654 0.000000 0.009249 0.921757 0.387658 5.998900 -0.014362 -0.387512 0.921753 -1.159000 0.000000 0.000000 0.000000 1.000000
0.995111 -0.002489 0.098733 0.000000 -0.032423 0.936046 0.350381 5.998900 -0.093291 -0.351869 0.931389 -1.159000 0.000000 0.000000 0.000000 1.000000
0.986898 0.006315 0.161220 -0.000000 -0.054803 0.952945 0.298147 5.998900 -0.151751 -0.303076 0.940806 -1.159000 0.000000 0.000000 0.000000 1.000000
0.982845 0.011978 0.184042 0.000000 -0.060791 0.963162 0.261959 5.998900 -0.174124 -0.268653 0.947368 -1.159000 0.000000 0.000000 0.000000 1.000000
0.983236 0.021030 0.181120 0.000000 -0.068906 0.962521 0.262309 5.998900 -0.168815 -0.270392 0.947834 -1.159000 0.000000 0.000000 0.000000 1.000000
0.985799 0.034980 0.164246 0.000000 -0.082288 0.953215 0.290879 5.998900 -0.146387 -0.300263 0.942557 -1.159000 0.000000 0.000000 0.000000 1.000000
0.990290 0.045710 0.131290 0.000000 -0.085803 0.944024 0.318522 5.998900 -0.109381 -0.326694 0.938780 -1.159000 0.000000 0.000000 0.000000 1.000000
0.995242 0.047105 0.085285 0.000000 -0.072656 0.942037 0.327547 5.998900 -0.064913 -0.332185 0.940978 -1.159000 0.000000 0.000000 0.000000 1.000000
0.998437 0.039398 0.039638 0.000000 -0.050259 0.943151 0.328543 5.998900 -0.024441 -0.330021 0.943657 -1.159000 0.000000 0.000000 0.000000 1.000000
0.999691 0.024814 -0.001696 -0.000000 -0.022785 0.941003 0.337629 5.998900 0.009974 -0.337486 0.941278 -1.159000 0.000000 0.000000 0.000000 1.000000
0.998552 0.010984 -0.052669 0.000000 0.008140 0.936828 0.349696 5.998900 0.053183 -0.349618 0.935382 -1.159000 0.000000 0.000000 0.000000 1.000000
0.993232 0.004900 -0.116040 0.000000 0.034669 0.941052 0.336481 5.998900 0.110848 -0.338227 0.934513 -1.159000 0.000000 0.000000 0.000000 1.000000</float_array>
        <technique_common>
          <accessor source="#mixamorig_Head-Matrix-animation-output-transform-array" count="20" stride="16">
            <param type="float4x4"/>
          </accessor>
        </technique_common>
      </source>
      <source id="mixamorig_Head-Interpolations">
        <Name_array id="mixamorig_Head-Interpolations-array" count="20">
 LINEAR LINEAR LINEAR LINEAR LINEAR LINEAR LINEAR LINEAR LINEAR LINEAR LINEAR
LINEAR LINEAR LINEAR LINEAR LINEAR LINEAR LINEAR LINEAR LINEAR</Name_array>
        <technique_common>
          <accessor source="#mixamorig_Head-Interpolations-array" count="20">
            <param type="name"/>
          </accessor>
        </technique_common>
      </source>
      <sampler id="mixamorig_Head-Matrix-animation-transform">
        <input semantic="INPUT" source="#mixamorig_Head-Matrix-animation-input"/>
        <input semantic="OUTPUT" source="#mixamorig_Head-Matrix-animation-output-transform"/>
        <input semantic="INTERPOLATION" source="#mixamorig_Head-Interpolations"/>
      </sampler>
      <channel source="#mixamorig_Head-Matrix-animation-transform" target="mixamorig_Head/matrix"/>
    </animation>
    <animation id="mixamorig_LeftShoulder-anim" name="mixamorig_LeftShoulder">
      <source id="mixamorig_LeftShoulder-Matrix-animation-input">
        <float_array id="mixamorig_LeftShoulder-Matrix-animation-input-array" count="20">

0.000000 0.033333 0.066667 0.100000 0.133333 0.166667 0.200000 0.233333 0.266667 0.300000 0.333333 0.366667 0.400000 0.433333 0.466667 0.500000
0.533333 0.566667 0.600000 0.633333</float_array>
        <technique_common>
          <accessor source="#mixamorig_LeftShoulder-Matrix-animation-input-array" count="20">
            <param name="TIME" type="float"/>
          </accessor>
        </technique_common>
      </source>
      <source id="mixamorig_LeftShoulder-Matrix-animation-output-transform">
        <float_array id="mixamorig_LeftShoulder-Matrix-animation-output-transform-array" count="320">

0.140144 0.916541 -0.374582 3.414700 0.045858 -0.383918 -0.922228 7.343400 -0.989069 0.112068 -0.095835 -0.017400 0.000000 0.000000 0.000000 1.000000
0.135754 0.923298 -0.359294 3.414700 0.044303 -0.367945 -0.928792 7.343400 -0.989752 0.110169 -0.090854 -0.017400 0.000000 0.000000 0.000000 1.000000
0.133988 0.927028 -0.350236 3.414700 0.043577 -0.358593 -0.932476 7.343400 -0.990024 0.109679 -0.088445 -0.017400 0.000000 0.000000 0.000000 1.000000
0.144837 0.917661 -0.370029 3.414700 0.046774 -0.379904 -0.923843 7.343400 -0.988349 0.116498 -0.097947 -0.017400 0.000000 0.000000 0.000000 1.000000
0.168296 0.894144 -0.414949 3.414700 0.053338 -0.428597 -0.901920 7.343400 -0.984292 0.129657 -0.119823 -0.017400 0.000000 0.000000 0.000000 1.000000
0.193819 0.872234 -0.449045 3.414700 0.059866 -0.467388 -0.882023 7.343400 -0.979209 0.144070 -0.142805 -0.017400 0.000000 0.000000 0.000000 1.000000
0.207578 0.862668 -0.461211 3.414700 0.063177 -0.482319 -0.873715 7.343400 -0.976176 0.152226 -0.154620 -0.017400 0.000000 0.000000 0.000000 1.000000
0.179918 0.876243 -0.447021 3.414700 0.057422 -0.463018 -0.884487 7.343400 -0.982004 0.133466 -0.133621 -0.017400 0.000000 0.000000 0.000000 1.000000
0.120117 0.903208 -0.412052 3.414700 0.043633 -0.419459 -0.906725 7.343400 -0.991800 0.090934 -0.089794 -0.017400 0.000000 0.000000 0.000000 1.000000
0.064179 0.928776 -0.365043 3.414700 0.030059 -0.367430 -0.929565 7.343400 -0.997486 0.048685 -0.051500 -0.017400 0.000000 0.000000 0.000000 1.000000
0.025669 0.942690 -0.332682 3.414700 0.020357 -0.333215 -0.942631 7.343400 -0.999463 0.017424 -0.027744 -0.017400 0.000000 0.000000 0.000000 1.000000
0.018057 0.942773 -0.332946 3.414700 0.018784 -0.333261 -0.942647 7.343400 -0.999660 0.010768 -0.023727 -0.017400 0.000000 0.000000 0.000000 1.000000
0.038144 0.937863 -0.344902 3.414700 0.023619 -0.345903 -0.937973 7.343400 -0.998993 0.027632 -0.035345 -0.017400 0.000000 0.000000 0.000000 1.000000
0.068880 0.929971 -0.361122 3.414700 0.031013 -0.363803 -0.930960 7.343400 -0.997143 0.052925 -0.053900 -0.017400 0.000000 0.000000 0.000000 1.000000
0.096834 0.919749 -0.380374 3.414700 0.037418 -0.385264 -0.922048 7.343400 -0.994597 0.075053 -0.071722 -0.017400 0.000000 0.000000 0.000000 1.000000
0.119997 0.911166 -0.394178 3.414700 0.042632 -0.401410 -0.914906 7.343400 -0.991859 0.092981 -0.087012 -0.017400 0.000000 0.000000 0.000000 1.000000
0.147784 0.900625 -0.408699 3.414700 0.049265 -0.419427 -0.906451 7.343400 -0.987792 0.113824 -0.106354 -0.017400 0.000000 0.000000 0.000000 1.000000
0.161923 0.895835 -0.413836 3.414700 0.052402 -0.426585 -0.902928 7.343400 -0.985411 0.124519 -0.116018 -0.017400 0.000000 0.000000 0.000000 1.000000
0.149216 0.907000 -0.393809 3.414700 0.048885 -0.404548 -0.913209 7.343400 -0.987596 0.117014 -0.104704 -0.017400 0.000000 0.000000 0.000000 1.000000
0.140144 0.916541 -0.374582 3.414700 0.045858 -0.383918 -0.922228 7.343400 -0.989069 0.112067 -0.095834 -0.017400 0.000000 0.000000 0.000000 1.000000</float_array>
        <technique_common>
          <accessor source="#mixamorig_LeftShoulder-Matrix-animation-output-transform-array" count="20" stride="16">
            <param type="float4x4"/>
          </accessor>
        </technique_common>
      </source>
      <source id="mixamorig_LeftShoulder-Interpolations">
        <Name_array id="mixamorig_LeftShoulder-Interpolations-array" count="20">
 LINEAR LINEAR LINEAR LINEAR LINEAR LINEAR LINEAR LINEAR LINEAR LINEAR LINEAR
LINEAR LINEAR LINEAR LINEAR LINEAR LINEAR LINEAR LINEAR LINEAR</Name_array>
        <technique_common>
          <accessor source="#mixamorig_LeftShoulder-Interpolations-array" count="20">
            <param type="name"/>
          </accessor>
        </technique_common>
      </source>
      <sampler id="mixamorig_LeftShoulder-Matrix-animation-transform">
        <input semantic="INPUT" source="#mixamorig_LeftShoulder-Matrix-animation-input"/>
        <input semantic="OUTPUT" source="#mixamorig_LeftShoulder-Matrix-animation-output-transform"/>
        <input semantic="INTERPOLATION" source="#mixamorig_LeftShoulder-Interpolations"/>
      </sampler>
      <channel source="#mixamorig_LeftShoulder-Matrix-animation-transform" target="mixamorig_LeftShoulder/matrix"/>
    </animation>
    <animation id="mixamorig_LeftArm-anim" name="mixamorig_LeftArm">
      <source id="mixamorig_LeftArm-Matrix-animation-input">
        <float_array id="mixamorig_LeftArm-Matrix-animation-input-array" count="20">

0.000000 0.033333 0.066667 0.100000 0.133333 0.166667 0.200000 0.233333 0.266667 0.300000 0.333333 0.366667 0.400000 0.433333 0.466667 0.500000
0.533333 0.566667 0.600000 0.633333</float_array>
        <technique_common>
          <accessor source="#mixamorig_LeftArm-Matrix-animation-input-array" count="20">
            <param name="TIME" type="float"/>
          </accessor>
        </technique_common>
      </source>
      <source id="mixamorig_LeftArm-Matrix-animation-output-transform">
        <float_array id="mixamorig_LeftArm-Matrix-animation-output-transform-array" count="320">

0.471946 0.807912 0.352911 0.000000 -0.341237 0.536489 -0.771840 7.189700 -0.812911 0.243840 0.528883 0.000000 0.000000 0.000000 0.000000 1.000000
0.360478 0.859621 0.362087 0.000000 -0.427394 0.497257 -0.755030 7.189700 -0.829090 0.117418 0.546647 0.000000 0.000000 0.000000 0.000000 1.000000
0.363936 0.874012 0.321954 0.000000 -0.466250 0.470182 -0.749360 7.189700 -0.806326 0.122608 0.578624 0.000000 0.000000 0.000000 0.000000 1.000000
0.477741 0.844511 0.242004 0.000000 -0.466415 0.477271 -0.744761 7.189700 -0.744460 0.242928 0.621904 0.000000 0.000000 0.000000 0.000000 1.000000
0.631826 0.760096 0.151823 -0.000000 -0.435222 0.509977 -0.741961 7.189700 -0.641387 0.402714 0.653027 0.000000 0.000000 0.000000 0.000000 1.000000
0.771152 0.627528 0.107391 -0.000000 -0.357309 0.566204 -0.742794 7.189700 -0.526929 0.534435 0.660851 0.000000 0.000000 0.000000 0.000000 1.000000
0.900280 0.419804 0.115158 0.000000 -0.214185 0.657483 -0.722385 7.189700 -0.378975 0.625684 0.681834 0.000000 0.000000 0.000000 0.000000 1.000000
0.991522 0.081308 0.101356 -0.000000 0.009765 0.731199 -0.682094 7.189700 -0.129571 0.677301 0.724206 0.000000 0.000000 0.000000 0.000000 1.000000
0.951660 -0.307153 0.000286 0.000000 0.230943 0.714924 -0.659961 7.189700 0.202504 0.628125 0.751300 0.000000 0.000000 0.000000 0.000000 1.000000
0.818382 -0.555838 -0.145930 0.000000 0.349690 0.683174 -0.641085 7.189700 0.456035 0.473622 0.753468 0.000000 0.000000 0.000000 0.000000 1.000000
0.729412 -0.639699 -0.242372 -0.000000 0.413843 0.694761 -0.588253 7.189700 0.544695 0.328775 0.771502 -0.000000 0.000000 0.000000 0.000000 1.000000
0.728041 -0.644247 -0.234313 0.000000 0.465649 0.715586 -0.520680 7.189700 0.503117 0.269968 0.820969 -0.000000 0.000000 0.000000 0.000000 1.000000
0.810983 -0.575215 -0.106934 -0.000000 0.459135 0.738984 -0.493049 7.189700 0.362632 0.350757 0.863405 0.000000 0.000000 0.000000 0.000000 1.000000
0.923002 -0.374190 0.089721 0.000000 0.359868 0.756857 -0.545585 7.189700 0.136247 0.535863 0.833239 0.000000 0.000000 0.000000 0.000000 1.000000
0.967501 -0.080018 0.239871 0.000000 0.220507 0.731280 -0.645451 7.189700 -0.123766 0.677368 0.725158 0.000000 0.000000 0.000000 0.000000 1.000000
0.941739 0.192733 0.275647 -0.000000 0.072349 0.684276 -0.725625 7.189700 -0.328471 0.703293 0.630465 0.000000 0.000000 0.000000 0.000000 1.000000
0.884240 0.401587 0.238428 0.000000 -0.080589 0.634057 -0.769076 7.189700 -0.460028 0.660833 0.593022 0.000000 0.000000 0.000000 0.000000 1.000000
0.793629 0.563660 0.228997 0.000000 -0.185757 0.582910 -0.791019 7.189700 -0.579350 0.585238 0.567318 0.000000 0.000000 0.000000 0.000000 1.000000
0.646421 0.704008 0.294130 -0.000000 -0.248237 0.558585 -0.791430 7.189700 -0.721470 0.438583 0.535841 0.000000 0.000000 0.000000 0.000000 1.000000
0.471946 0.807911 0.352912 0.000000 -0.341237 0.536490 -0.771839 7.189700 -0.812911 0.243840 0.528883 0.000000 0.000000 0.000000 0.000000 1.000000</float_array>
        <technique_common>
          <accessor source="#mixamorig_LeftArm-Matrix-animation-output-transform-array" count="20" stride="16">
            <param type="float4x4"/>
          </accessor>
        </technique_common>
      </source>
      <source id="mixamorig_LeftArm-Interpolations">
        <Name_array id="mixamorig_LeftArm-Interpolations-array" count="20">
 LINEAR LINEAR LINEAR LINEAR LINEAR LINEAR LINEAR LINEAR LINEAR LINEAR LINEAR
LINEAR LINEAR LINEAR LINEAR LINEAR LINEAR LINEAR LINEAR LINEAR</Name_array>
        <technique_common>
          <accessor source="#mixamorig_LeftArm-Interpolations-array" count="20">
            <param type="name"/>
          </accessor>
        </technique_common>
      </source>
      <sampler id="mixamorig_LeftArm-Matrix-animation-transform">
        <input semantic="INPUT" source="#mixamorig_LeftArm-Matrix-animation-input"/>
