<?xml version="1.0" encoding="utf-8"?>
<COLLADA xmlns="http://www.collada.org/2005/11/COLLADASchema" version="1.4.1">
  <asset>
    <contributor>
      <author>Mixamo</author>
      <authoring_tool>COLLADA Mixamo exporter</authoring_tool>
      <comments/>
    </contributor>
    <created>2026-05-14T19:08:20Z</created>
    <modified>2026-05-14T19:08:20Z</modified>
    <revision/>
    <title/>
    <unit meter="0.010000"/>
    <up_axis>Y_UP</up_axis>
  </asset>
  <library_animations>
    <animation id="mixamorig_Hips-anim" name="mixamorig_Hips">
      <source id="mixamorig_Hips-Matrix-animation-input">
        <float_array id="mixamorig_Hips-Matrix-animation-input-array" count="203">

0.000000 0.033333 0.066667 0.100000 0.133333 0.166667 0.200000 0.233333 0.266667 0.300000 0.333333 0.366667 0.400000 0.433333 0.466667 0.500000
0.533333 0.566667 0.600000 0.633333 0.666667 0.700000 0.733333 0.766667 0.800000 0.833333 0.866667 0.900000 0.933333 0.966667 1.000000 1.033333
1.066667 1.100000 1.133333 1.166667 1.200000 1.233333 1.266667 1.300000 1.333333 1.366667 1.400000 1.433333 1.466667 1.500000 1.533333 1.566667
1.600000 1.633333 1.666667 1.700000 1.733333 1.766667 1.800000 1.833333 1.866667 1.900000 1.933333 1.966667 2.000000 2.033333 2.066667 2.100000
2.133333 2.166667 2.200000 2.233333 2.266667 2.300000 2.333333 2.366667 2.400000 2.433333 2.466667 2.500000 2.533333 2.566667 2.600000 2.633333
2.666667 2.700000 2.733333 2.766667 2.800000 2.833333 2.866667 2.900000 2.933333 2.966667 3.000000 3.033333 3.066667 3.100000 3.133333 3.166667
3.200000 3.233333 3.266667 3.300000 3.333333 3.366667 3.400000 3.433333 3.466667 3.500000 3.533333 3.566667 3.600000 3.633333 3.666667 3.700000
3.733333 3.766667 3.800000 3.833333 3.866667 3.900000 3.933333 3.966667 4.000000 4.033333 4.066667 4.100000 4.133333 4.166667 4.200000 4.233333
4.266667 4.300000 4.333333 4.366667 4.400000 4.433333 4.466667 4.500000 4.533333 4.566667 4.600000 4.633333 4.666667 4.700000 4.733333 4.766667
4.800000 4.833333 4.866667 4.900000 4.933333 4.966667 5.000000 5.033333 5.066667 5.100000 5.133333 5.166667 5.200000 5.233333 5.266667 5.300000
5.333333 5.366667 5.400000 5.433333 5.466667 5.500000 5.533333 5.566667 5.600000 5.633333 5.666667 5.700000 5.733333 5.766667 5.800000 5.833333
5.866667 5.900000 5.933333 5.966667 6.000000 6.033333 6.066667 6.100000 6.133333 6.166667 6.200000 6.233333 6.266667 6.300000 6.333333 6.366667
6.400000 6.433333 6.466667 6.500000 6.533333 6.566667 6.600000 6.633333 6.666667 6.700000 6.733333</float_array>
        <technique_common>
          <accessor source="#mixamorig_Hips-Matrix-animation-input-array" count="203">
            <param name="TIME" type="float"/>
          </accessor>
        </technique_common>
      </source>
      <source id="mixamorig_Hips-Matrix-animation-output-transform">
        <float_array id="mixamorig_Hips-Matrix-animation-output-transform-array" count="3248">

0.997780 0.027355 -0.060718 -2.908545 -0.023543 0.997759 0.062638 98.905228 0.062295 -0.061069 0.996188 0.507383 0.000000 0.000000 0.000000 1.000000
0.997762 0.027174 -0.061090 -2.908287 -0.023331 0.997756 0.062759 98.908333 0.062658 -0.061194 0.996157 0.492342 0.000000 0.000000 0.000000 1.000000
0.997750 0.026906 -0.061415 -2.909144 -0.023030 0.997749 0.062973 98.911636 0.062971 -0.061417 0.996124 0.473920 0.000000 0.000000 0.000000 1.000000
0.997731 0.026726 -0.061789 -2.911235 -0.022810 0.997738 0.063235 98.911240 0.063339 -0.061682 0.996084 0.449531 0.000000 0.000000 0.000000 1.000000
0.997719 0.026558 -0.062061 -2.913031 -0.022605 0.997723 0.063542 98.914177 0.063608 -0.061994 0.996048 0.416666 0.000000 0.000000 0.000000 1.000000
0.997728 0.026337 -0.062003 -2.917346 -0.022359 0.997700 0.063998 98.915939 0.063546 -0.062466 0.996022 0.375786 0.000000 0.000000 0.000000 1.000000
0.997755 0.025948 -0.061742 -2.925833 -0.021938 0.997660 0.064757 98.911888 0.063278 -0.063257 0.995989 0.335425 0.000000 0.000000 0.000000 1.000000
0.997798 0.025453 -0.061242 -2.939394 -0.021420 0.997614 0.065631 98.906784 0.062767 -0.064175 0.995963 0.299032 0.000000 0.000000 0.000000 1.000000
0.997861 0.025017 -0.060393 -2.957668 -0.020998 0.997580 0.066274 98.904449 0.061904 -0.064864 0.995972 0.265805 0.000000 0.000000 0.000000 1.000000
0.997914 0.024744 -0.059621 -2.978597 -0.020746 0.997553 0.066758 98.901497 0.061127 -0.065382 0.995986 0.239313 0.000000 0.000000 0.000000 1.000000
0.997939 0.024548 -0.059282 -3.000197 -0.020543 0.997525 0.067250 98.896729 0.060786 -0.065893 0.995973 0.223640 0.000000 0.000000 0.000000 1.000000
0.997950 0.024497 -0.059122 -3.021335 -0.020474 0.997494 0.067721 98.891037 0.060632 -0.066372 0.995951 0.215706 0.000000 0.000000 0.000000 1.000000
0.997964 0.024579 -0.058849 -3.042705 -0.020542 0.997456 0.068259 98.885742 0.060377 -0.066911 0.995930 0.213891 0.000000 0.000000 0.000000 1.000000
0.997975 0.024758 -0.058594 -3.063008 -0.020697 0.997406 0.068942 98.884048 0.060149 -0.067590 0.995898 0.221080 0.000000 0.000000 0.000000 1.000000
0.997966 0.025058 -0.058611 -3.081203 -0.020948 0.997347 0.069720 98.883171 0.060203 -0.068350 0.995843 0.237403 0.000000 0.000000 0.000000 1.000000
0.997951 0.025218 -0.058801 -3.096965 -0.021041 0.997283 0.070602 98.877228 0.060422 -0.069220 0.995770 0.259740 0.000000 0.000000 0.000000 1.000000
0.997923 0.025181 -0.059288 -3.111775 -0.020907 0.997212 0.071637 98.867081 0.060926 -0.070249 0.995667 0.287688 0.000000 0.000000 0.000000 1.000000
0.997859 0.025250 -0.060326 -3.125870 -0.020834 0.997134 0.072735 98.856461 0.061990 -0.071323 0.995525 0.322583 0.000000 0.000000 0.000000 1.000000
0.997759 0.025575 -0.061827 -3.138240 -0.020988 0.997058 0.073722 98.851395 0.063530 -0.072260 0.995360 0.362171 0.000000 0.000000 0.000000 1.000000
0.997638 0.025881 -0.063626 -3.150238 -0.021104 0.996987 0.074640 98.856033 0.065366 -0.073121 0.995179 0.402627 0.000000 0.000000 0.000000 1.000000
0.997510 0.026075 -0.065523 -3.160670 -0.021088 0.996909 0.075676 98.864540 0.067294 -0.074105 0.994977 0.444187 0.000000 0.000000 0.000000 1.000000
0.997389 0.026225 -0.067291 -3.168352 -0.021031 0.996827 0.076774 98.866211 0.069091 -0.075159 0.994775 0.481878 0.000000 0.000000 0.000000 1.000000
0.997288 0.026543 -0.068649 -3.173978 -0.021178 0.996749 0.077732 98.864197 0.070489 -0.076068 0.994608 0.507658 0.000000 0.000000 0.000000 1.000000
0.997201 0.027000 -0.069722 -3.177061 -0.021480 0.996663 0.078752 98.865738 0.071616 -0.077034 0.994453 0.521592 0.000000 0.000000 0.000000 1.000000
0.997094 0.027637 -0.070994 -3.178278 -0.021915 0.996541 0.080160 98.865639 0.072963 -0.078371 0.994251 0.528033 0.000000 0.000000 0.000000 1.000000
0.996977 0.028309 -0.072357 -3.180371 -0.022326 0.996366 0.082199 98.865280 0.074422 -0.080335 0.993986 0.529833 0.000000 0.000000 0.000000 1.000000
0.996865 0.028999 -0.073618 -3.182821 -0.022689 0.996110 0.085153 98.868454 0.075801 -0.083216 0.993644 0.527703 0.000000 0.000000 0.000000 1.000000
0.996737 0.030123 -0.074889 -3.182691 -0.023347 0.995690 0.089760 98.876923 0.077270 -0.087718 0.993144 0.518149 0.000000 0.000000 0.000000 1.000000
0.996613 0.031936 -0.075786 -3.185814 -0.024551 0.995034 0.096460 98.886002 0.078490 -0.094272 0.992447 0.499015 0.000000 0.000000 0.000000 1.000000
0.996492 0.034211 -0.076381 -3.198028 -0.026135 0.994199 0.104336 98.894188 0.079507 -0.101974 0.991605 0.466328 0.000000 0.000000 0.000000 1.000000
0.996402 0.035868 -0.076791 -3.219169 -0.027104 0.993307 0.112282 98.899307 0.080304 -0.109797 0.990705 0.408122 0.000000 0.000000 0.000000 1.000000
0.996368 0.036556 -0.076908 -3.252502 -0.027133 0.992381 0.120179 98.901161 0.080715 -0.117655 0.989769 0.330830 0.000000 0.000000 0.000000 1.000000
0.996363 0.036903 -0.076806 -3.305197 -0.026872 0.991440 0.127770 98.894318 0.080863 -0.125242 0.988825 0.242389 0.000000 0.000000 0.000000 1.000000
0.996446 0.036547 -0.075893 -3.380683 -0.025982 0.990396 0.135796 98.874184 0.080127 -0.133341 0.987826 0.138110 0.000000 0.000000 0.000000 1.000000
0.996661 0.034864 -0.073831 -3.479751 -0.023823 0.989077 0.145459 98.832245 0.078096 -0.143215 0.986606 0.007401 0.000000 0.000000 0.000000 1.000000
0.996936 0.031513 -0.071598 -3.623651 -0.020001 0.987531 0.156152 98.753937 0.075626 -0.154241 0.985135 -0.185011 0.000000 0.000000 0.000000 1.000000
0.997153 0.026055 -0.070758 -3.821459 -0.013972 0.985997 0.166177 98.631302 0.074097 -0.164715 0.983554 -0.465590 0.000000 0.000000 0.000000 1.000000
0.997051 0.020214 -0.074028 -4.099692 -0.007217 0.985109 0.171779 98.514938 0.076398 -0.170738 0.982350 -0.795974 0.000000 0.000000 0.000000 1.000000
0.996610 0.012119 -0.081371 -4.475453 0.001962 0.985308 0.170778 98.497650 0.082246 -0.170359 0.981944 -1.205663 0.000000 0.000000 0.000000 1.000000
0.996317 0.002668 -0.085701 -4.974927 0.011431 0.986460 0.163600 98.559700 0.084977 -0.163978 0.982797 -1.829414 0.000000 0.000000 0.000000 1.000000
0.997061 -0.002168 -0.076582 -5.564467 0.013623 0.988688 0.149369 98.653000 0.075391 -0.149974 0.985811 -2.696459 0.000000 0.000000 0.000000 1.000000
0.998330 -0.006913 -0.057358 -5.974238 0.014271 0.991557 0.128882 98.577766 0.055983 -0.129486 0.990000 -3.715624 0.000000 0.000000 0.000000 1.000000
0.998567 -0.025635 -0.046972 -6.243273 0.030577 0.993712 0.107712 98.526596 0.043916 -0.108993 0.993072 -4.761641 0.000000 0.000000 0.000000 1.000000
0.997557 -0.042609 -0.055349 -6.547366 0.047468 0.994841 0.089651 98.691353 0.051244 -0.092059 0.994434 -5.844277 0.000000 0.000000 0.000000 1.000000
0.996651 -0.047044 -0.066882 -6.894267 0.051650 0.996286 0.068900 98.727814 0.063393 -0.072123 0.995379 -6.916624 0.000000 0.000000 0.000000 1.000000
0.996354 -0.048284 -0.070332 -7.179408 0.051987 0.997303 0.051814 98.506012 0.067640 -0.055282 0.996177 -7.765373 0.000000 0.000000 0.000000 1.000000
0.996701 -0.047202 -0.066025 -7.428446 0.049851 0.997992 0.039074 98.085121 0.064048 -0.042236 0.997053 -8.562071 0.000000 0.000000 0.000000 1.000000
0.997627 -0.044450 -0.052584 -7.636797 0.046153 0.998434 0.031626 97.517090 0.051096 -0.033977 0.998116 -9.316987 0.000000 0.000000 0.000000 1.000000
0.998703 -0.042274 -0.028386 -7.813353 0.043092 0.998654 0.028877 96.881454 0.027127 -0.030063 0.999180 -9.982447 0.000000 0.000000 0.000000 1.000000
0.999182 -0.040267 0.003601 -7.965306 0.040161 0.998862 0.025737 96.276093 -0.004634 -0.025572 0.999662 -10.547975 0.000000 0.000000 0.000000 1.000000
0.998790 -0.035905 0.033615 -8.025428 0.035176 0.999139 0.022005 95.800690 -0.034376 -0.020796 0.999193 -10.941397 0.000000 0.000000 0.000000 1.000000
0.998191 -0.030084 0.052054 -7.941808 0.028945 0.999328 0.022494 95.565407 -0.052695 -0.020947 0.998391 -11.109226 0.000000 0.000000 0.000000 1.000000
0.997843 -0.026840 0.059901 -7.717505 0.025069 0.999232 0.030119 95.518562 -0.060663 -0.028552 0.997750 -11.087644 0.000000 0.000000 0.000000 1.000000
0.997987 -0.021946 0.059500 -7.346688 0.019811 0.999147 0.036236 95.410202 -0.060244 -0.034984 0.997570 -10.981608 0.000000 0.000000 0.000000 1.000000
0.998594 -0.011177 0.051823 -6.836126 0.009452 0.999397 0.033419 95.242149 -0.052165 -0.032883 0.998097 -10.780913 0.000000 0.000000 0.000000 1.000000
0.999441 0.000424 0.033417 -6.320817 -0.001444 0.999534 0.030498 95.188148 -0.033389 -0.030529 0.998976 -10.466676 0.000000 0.000000 0.000000 1.000000
0.999793 0.019870 0.004370 -5.841446 -0.020012 0.999173 0.035393 95.150932 -0.003663 -0.035474 0.999364 -10.191795 0.000000 0.000000 0.000000 1.000000
0.998985 0.040773 -0.019159 -5.549578 -0.039980 0.998397 0.040063 95.311714 0.020762 -0.039257 0.999013 -10.005520 0.000000 0.000000 0.000000 1.000000
0.998181 0.054905 -0.024887 -5.337841 -0.053952 0.997841 0.037444 95.609955 0.026889 -0.036033 0.998989 -9.693524 0.000000 0.000000 0.000000 1.000000
0.997659 0.064541 -0.022618 -5.032667 -0.063691 0.997303 0.036481 95.901489 0.024912 -0.034955 0.999078 -9.118501 0.000000 0.000000 0.000000 1.000000
0.997074 0.072074 -0.025464 -4.596353 -0.070820 0.996375 0.047134 96.206543 0.028768 -0.045192 0.998564 -8.408626 0.000000 0.000000 0.000000 1.000000
0.996423 0.077572 -0.033514 -4.168611 -0.075325 0.995116 0.063798 96.522736 0.038299 -0.061045 0.997400 -7.746085 0.000000 0.000000 0.000000 1.000000
0.996464 0.076974 -0.033671 -3.848364 -0.074248 0.994351 0.075850 96.844223 0.039320 -0.073082 0.996551 -7.044705 0.000000 0.000000 0.000000 1.000000
0.997242 0.069629 -0.025702 -3.580043 -0.067043 0.993631 0.090570 97.186752 0.031844 -0.088597 0.995558 -6.249650 0.000000 0.000000 0.000000 1.000000
0.998059 0.061148 -0.011807 -3.348185 -0.059559 0.992584 0.105973 97.471771 0.018199 -0.105064 0.994299 -5.430665 0.000000 0.000000 0.000000 1.000000
0.998583 0.052756 0.006925 -3.176163 -0.053204 0.991704 0.117014 97.665276 -0.000694 -0.117216 0.993106 -4.586659 0.000000 0.000000 0.000000 1.000000
0.998727 0.044535 0.023679 -3.071235 -0.047159 0.991012 0.125185 97.820587 -0.017891 -0.126143 0.991851 -3.723627 0.000000 0.000000 0.000000 1.000000
0.998640 0.039364 0.034189 -3.017098 -0.043545 0.990335 0.131685 97.942871 -0.028675 -0.132995 0.990702 -2.904330 0.000000 0.000000 0.000000 1.000000
0.998555 0.036481 0.039471 -2.994380 -0.041570 0.989710 0.136917 98.038658 -0.034070 -0.138360 0.989796 -2.118234 0.000000 0.000000 0.000000 1.000000
0.998661 0.034743 0.038330 -3.011249 -0.039820 0.989233 0.140825 98.121155 -0.033025 -0.142163 0.989292 -1.366112 0.000000 0.000000 0.000000 1.000000
0.998906 0.034316 0.031778 -3.061801 -0.038509 0.989058 0.142415 98.179146 -0.026543 -0.143483 0.989297 -0.692930 0.000000 0.000000 0.000000 1.000000
0.999105 0.035297 0.023296 -3.138274 -0.038255 0.989131 0.141973 98.215851 -0.018031 -0.142737 0.989596 -0.086847 0.000000 0.000000 0.000000 1.000000
0.999180 0.038089 0.013702 -3.258876 -0.039638 0.989308 0.140348 98.236778 -0.008209 -0.140776 0.990007 0.510471 0.000000 0.000000 0.000000 1.000000
0.999152 0.040966 0.004113 -3.410552 -0.041143 0.989627 0.137640 98.247650 0.001568 -0.137692 0.990474 1.096002 0.000000 0.000000 0.000000 1.000000
0.999026 0.043935 -0.004145 -3.569070 -0.042974 0.989916 0.134981 98.245377 0.010033 -0.134671 0.990840 1.621184 0.000000 0.000000 0.000000 1.000000
0.998879 0.046538 -0.008623 -3.726339 -0.044982 0.990113 0.132867 98.222427 0.014721 -0.132330 0.991096 2.059207 0.000000 0.000000 0.000000 1.000000
0.998766 0.048518 -0.010570 -3.869588 -0.046718 0.990267 0.131107 98.200081 0.016828 -0.130451 0.991312 2.427411 0.000000 0.000000 0.000000 1.000000
0.998666 0.050000 -0.012858 -3.983836 -0.047921 0.990428 0.129443 98.197235 0.019207 -0.128654 0.991504 2.768952 0.000000 0.000000 0.000000 1.000000
0.998633 0.050382 -0.013944 -4.084923 -0.048190 0.990602 0.128007 98.198959 0.020263 -0.127160 0.991675 3.080955 0.000000 0.000000 0.000000 1.000000
0.998605 0.050267 -0.016179 -4.179015 -0.047822 0.990790 0.126680 98.207214 0.022397 -0.125729 0.991812 3.392762 0.000000 0.000000 0.000000 1.000000
0.998531 0.050228 -0.020318 -4.255982 -0.047298 0.990985 0.125349 98.231804 0.026431 -0.124204 0.991905 3.712152 0.000000 0.000000 0.000000 1.000000
0.998401 0.050608 -0.025203 -4.311674 -0.047086 0.991064 0.124798 98.256088 0.031294 -0.123412 0.991862 4.039709 0.000000 0.000000 0.000000 1.000000
0.998188 0.051118 -0.031738 -4.360101 -0.046778 0.991051 0.125019 98.284927 0.037845 -0.123308 0.991647 4.395136 0.000000 0.000000 0.000000 1.000000
0.997868 0.052215 -0.039157 -4.405180 -0.046944 0.991021 0.125198 98.313286 0.045343 -0.123092 0.991359 4.769030 0.000000 0.000000 0.000000 1.000000
0.997488 0.054551 -0.045192 -4.439425 -0.048546 0.991002 0.124734 98.317741 0.051589 -0.122227 0.991161 5.108912 0.000000 0.000000 0.000000 1.000000
0.997196 0.056644 -0.048913 -4.473361 -0.050195 0.990977 0.124282 98.315636 0.055511 -0.121478 0.991041 5.428711 0.000000 0.000000 0.000000 1.000000
0.996982 0.058433 -0.051108 -4.519622 -0.051677 0.990839 0.124769 98.310699 0.057931 -0.121751 0.990869 5.768511 0.000000 0.000000 0.000000 1.000000
0.996796 0.060136 -0.052734 -4.568104 -0.053123 0.990662 0.125564 98.290207 0.059793 -0.122360 0.990683 6.098069 0.000000 0.000000 0.000000 1.000000
0.996728 0.061735 -0.052180 -4.613038 -0.054654 0.990310 0.127665 98.250267 0.059556 -0.124396 0.990444 6.389513 0.000000 0.000000 0.000000 1.000000
0.996649 0.064095 -0.050821 -4.656449 -0.056907 0.989605 0.132075 98.182358 0.058758 -0.128741 0.989936 6.675086 0.000000 0.000000 0.000000 1.000000
0.996474 0.066754 -0.050824 -4.692400 -0.059161 0.988592 0.138515 98.090851 0.059491 -0.135020 0.989055 6.967169 0.000000 0.000000 0.000000 1.000000
0.996334 0.068807 -0.050835 -4.717535 -0.060701 0.987319 0.146682 97.989616 0.060283 -0.143059 0.987877 7.243745 0.000000 0.000000 0.000000 1.000000
0.996213 0.070853 -0.050396 -4.748663 -0.062228 0.985815 0.155873 97.889572 0.060725 -0.152147 0.986491 7.500716 0.000000 0.000000 0.000000 1.000000
0.996022 0.073207 -0.050809 -4.778801 -0.063915 0.984200 0.165122 97.800529 0.062094 -0.161217 0.984964 7.742523 0.000000 0.000000 0.000000 1.000000
0.995830 0.074992 -0.051958 -4.792342 -0.064988 0.982789 0.172926 97.732605 0.064032 -0.168828 0.983563 7.946909 0.000000 0.000000 0.000000 1.000000
0.995641 0.076351 -0.053559 -4.790348 -0.065647 0.981648 0.179048 97.683891 0.066246 -0.174751 0.982382 8.097954 0.000000 0.000000 0.000000 1.000000
0.995446 0.077233 -0.055879 -4.773691 -0.065722 0.980621 0.184560 97.642921 0.069051 -0.180047 0.981231 8.209734 0.000000 0.000000 0.000000 1.000000
0.995401 0.076823 -0.057224 -4.738215 -0.064717 0.979737 0.189544 97.604195 0.070626 -0.184969 0.980203 8.285529 0.000000 0.000000 0.000000 1.000000
0.995507 0.075686 -0.056890 -4.688394 -0.063401 0.979114 0.193173 97.570549 0.070322 -0.188698 0.979514 8.307382 0.000000 0.000000 0.000000 1.000000
0.995681 0.074377 -0.055567 -4.630944 -0.062188 0.978696 0.195673 97.555603 0.068937 -0.191372 0.979094 8.265117 0.000000 0.000000 0.000000 1.000000
0.995884 0.073168 -0.053490 -4.564206 -0.061302 0.978468 0.197087 97.562614 0.066758 -0.192997 0.978926 8.141691 0.000000 0.000000 0.000000 1.000000
0.996087 0.072294 -0.050828 -4.494247 -0.060979 0.978545 0.196801 97.566284 0.063965 -0.192932 0.979125 7.938404 0.000000 0.000000 0.000000 1.000000
0.996265 0.071411 -0.048539 -4.424335 -0.060660 0.978901 0.195126 97.586754 0.061449 -0.191452 0.979576 7.676262 0.000000 0.000000 0.000000 1.000000
0.996412 0.070947 -0.046146 -4.356368 -0.060830 0.979437 0.192360 97.626945 0.058845 -0.188863 0.980239 7.352301 0.000000 0.000000 0.000000 1.000000
0.996577 0.070710 -0.042837 -4.295865 -0.061420 0.980075 0.188891 97.650208 0.055340 -0.185613 0.981063 6.960218 0.000000 0.000000 0.000000 1.000000
0.996788 0.069516 -0.039773 -4.232352 -0.061016 0.980820 0.185120 97.681328 0.051879 -0.182099 0.981911 6.533061 0.000000 0.000000 0.000000 1.000000
0.997030 0.067301 -0.037434 -4.162473 -0.059468 0.981676 0.181040 97.742767 0.048932 -0.178276 0.982763 6.079875 0.000000 0.000000 0.000000 1.000000
0.997228 0.065108 -0.036030 -4.099405 -0.057788 0.982646 0.176259 97.805458 0.046881 -0.173688 0.983684 5.600143 0.000000 0.000000 0.000000 1.000000
0.997359 0.063425 -0.035376 -4.039995 -0.056490 0.983657 0.170962 97.861015 0.045642 -0.168512 0.984642 5.103828 0.000000 0.000000 0.000000 1.000000
0.997379 0.062523 -0.036411 -3.979912 -0.055674 0.984606 0.165683 97.921471 0.046209 -0.163221 0.985507 4.617299 0.000000 0.000000 0.000000 1.000000
0.997366 0.061746 -0.038046 -3.925621 -0.054909 0.985576 0.160079 97.991295 0.047382 -0.157568 0.986371 4.140594 0.000000 0.000000 0.000000 1.000000
0.997403 0.060748 -0.038687 -3.878343 -0.054109 0.986567 0.154138 98.060333 0.047531 -0.151644 0.987292 3.672533 0.000000 0.000000 0.000000 1.000000
0.997506 0.059554 -0.037893 -3.837016 -0.053315 0.987479 0.148470 98.124443 0.046261 -0.146080 0.988191 3.220519 0.000000 0.000000 0.000000 1.000000
0.997694 0.057820 -0.035536 -3.805631 -0.052187 0.988352 0.142960 98.191071 0.043388 -0.140776 0.989090 2.784702 0.000000 0.000000 0.000000 1.000000
0.997918 0.055680 -0.032558 -3.777827 -0.050684 0.989123 0.138083 98.259689 0.039893 -0.136145 0.989885 2.376811 0.000000 0.000000 0.000000 1.000000
0.998115 0.053281 -0.030455 -3.746718 -0.048726 0.989702 0.134594 98.336563 0.037313 -0.132856 0.990433 2.007374 0.000000 0.000000 0.000000 1.000000
0.998294 0.050482 -0.029331 -3.720538 -0.046209 0.990231 0.131555 98.431473 0.035685 -0.129975 0.990875 1.649877 0.000000 0.000000 0.000000 1.000000
0.998463 0.046783 -0.029723 -3.703893 -0.042599 0.990797 0.128476 98.535645 0.035460 -0.127013 0.991267 1.298754 0.000000 0.000000 0.000000 1.000000
0.998602 0.041780 -0.032376 -3.703230 -0.037403 0.991367 0.125665 98.634071 0.037347 -0.124278 0.991544 0.980590 0.000000 0.000000 0.000000 1.000000
0.998661 0.038541 -0.034521 -3.729691 -0.034113 0.992095 0.120766 98.720352 0.038903 -0.119426 0.992081 0.654986 0.000000 0.000000 0.000000 1.000000
0.998682 0.038353 -0.034110 -3.791806 -0.034280 0.993018 0.112875 98.797691 0.038201 -0.111557 0.993024 0.296108 0.000000 0.000000 0.000000 1.000000
0.998709 0.038666 -0.032956 -3.885884 -0.035026 0.993891 0.104663 98.857864 0.036802 -0.103374 0.993962 -0.041148 0.000000 0.000000 0.000000 1.000000
0.998747 0.038105 -0.032454 -4.005850 -0.034732 0.994499 0.098817 98.887062 0.036041 -0.097566 0.994576 -0.334475 0.000000 0.000000 0.000000 1.000000
0.998781 0.037369 -0.032250 -4.149159 -0.034141 0.994853 0.095409 98.888718 0.035650 -0.094191 0.994916 -0.617355 0.000000 0.000000 0.000000 1.000000
0.998851 0.035998 -0.031624 -4.302440 -0.032928 0.995145 0.092751 98.893051 0.034810 -0.091603 0.995187 -0.889879 0.000000 0.000000 0.000000 1.000000
0.998982 0.032979 -0.030790 -4.449895 -0.030100 0.995513 0.089712 98.907211 0.033610 -0.088694 0.995492 -1.144586 0.000000 0.000000 0.000000 1.000000
0.999057 0.029925 -0.031453 -4.573258 -0.027120 0.995914 0.086133 98.918594 0.033902 -0.085199 0.995787 -1.383456 0.000000 0.000000 0.000000 1.000000
0.999022 0.027763 -0.034417 -4.639852 -0.024844 0.996281 0.082510 98.934402 0.036579 -0.081574 0.995996 -1.595042 0.000000 0.000000 0.000000 1.000000
0.998883 0.026366 -0.039214 -4.628885 -0.023179 0.996556 0.079612 98.945259 0.041178 -0.078614 0.996054 -1.773279 0.000000 0.000000 0.000000 1.000000
0.998607 0.025879 -0.045975 -4.537934 -0.022236 0.996701 0.078058 98.940948 0.047843 -0.076927 0.995888 -1.898690 0.000000 0.000000 0.000000 1.000000
0.998239 0.024910 -0.053828 -4.356471 -0.020661 0.996731 0.078104 98.944389 0.055598 -0.076854 0.995491 -1.928813 0.000000 0.000000 0.000000 1.000000
0.997838 0.024233 -0.061097 -4.074167 -0.019351 0.996666 0.079266 98.948051 0.062814 -0.077913 0.994979 -1.854674 0.000000 0.000000 0.000000 1.000000
0.997367 0.025335 -0.067952 -3.716074 -0.019824 0.996551 0.080584 98.947319 0.069759 -0.079025 0.994429 -1.683489 0.000000 0.000000 0.000000 1.000000
0.996887 0.027664 -0.073832 -3.299601 -0.021536 0.996355 0.082541 98.941292 0.075846 -0.080694 0.993849 -1.449971 0.000000 0.000000 0.000000 1.000000
0.996589 0.029655 -0.077018 -2.852466 -0.023060 0.996102 0.085142 98.933228 0.079242 -0.083075 0.993388 -1.192056 0.000000 0.000000 0.000000 1.000000
0.996590 0.030019 -0.076858 -2.419333 -0.023280 0.995926 0.087120 98.931854 0.079161 -0.085034 0.993228 -0.943271 0.000000 0.000000 0.000000 1.000000
0.996818 0.027959 -0.074649 -2.017229 -0.021312 0.995857 0.088398 98.959877 0.076811 -0.086525 0.993284 -0.722902 0.000000 0.000000 0.000000 1.000000
0.997131 0.023898 -0.071817 -1.641183 -0.017526 0.995960 0.088073 99.006714 0.073632 -0.086561 0.993522 -0.541388 0.000000 0.000000 0.000000 1.000000
0.997397 0.020446 -0.069147 -1.293703 -0.014546 0.996294 0.084774 99.040710 0.070624 -0.083547 0.993998 -0.405402 0.000000 0.000000 0.000000 1.000000
0.997571 0.018295 -0.067210 -0.995693 -0.012816 0.996627 0.081059 99.052162 0.068466 -0.080001 0.994441 -0.279738 0.000000 0.000000 0.000000 1.000000
0.997650 0.016376 -0.066536 -0.762854 -0.011044 0.996756 0.079717 99.047241 0.067626 -0.078795 0.994594 -0.142652 0.000000 0.000000 0.000000 1.000000
0.997632 0.014988 -0.067132 -0.600125 -0.009597 0.996756 0.079915 99.047485 0.068112 -0.079081 0.994539 -0.006155 0.000000 0.000000 0.000000 1.000000
0.997579 0.014133 -0.068086 -0.506431 -0.008621 0.996711 0.080575 99.052361 0.069000 -0.079793 0.994420 0.141900 0.000000 0.000000 0.000000 1.000000
0.997522 0.014262 -0.068901 -0.480478 -0.008636 0.996654 0.081274 99.068893 0.069829 -0.080477 0.994307 0.322744 0.000000 0.000000 0.000000 1.000000
0.997510 0.015560 -0.068789 -0.509712 -0.009917 0.996614 0.081618 99.082336 0.069826 -0.080732 0.994287 0.541875 0.000000 0.000000 0.000000 1.000000
0.997584 0.016940 -0.067366 -0.581438 -0.011436 0.996627 0.081268 99.075844 0.068516 -0.080301 0.994413 0.784826 0.000000 0.000000 0.000000 1.000000
0.997617 0.018727 -0.066405 -0.696975 -0.013387 0.996707 0.079976 99.066093 0.067684 -0.078896 0.994582 1.039613 0.000000 0.000000 0.000000 1.000000
0.997634 0.020708 -0.065549 -0.850493 -0.015563 0.996828 0.078045 99.046448 0.066957 -0.076840 0.994793 1.276009 0.000000 0.000000 0.000000 1.000000
0.997754 0.021754 -0.063359 -1.025807 -0.016911 0.996965 0.075995 99.020485 0.064819 -0.074753 0.995093 1.472247 0.000000 0.000000 0.000000 1.000000
0.997808 0.022532 -0.062215 -1.211147 -0.017929 0.997128 0.073585 98.989037 0.063694 -0.072308 0.995346 1.648541 0.000000 0.000000 0.000000 1.000000
0.997726 0.023330 -0.063237 -1.403483 -0.018855 0.997336 0.070466 98.955719 0.064712 -0.069114 0.995508 1.812361 0.000000 0.000000 0.000000 1.000000
0.997553 0.023875 -0.065705 -1.601412 -0.019417 0.997519 0.067667 98.933578 0.067157 -0.066226 0.995542 1.973748 0.000000 0.000000 0.000000 1.000000
0.997312 0.024802 -0.068951 -1.806866 -0.020290 0.997654 0.065387 98.915215 0.070411 -0.063812 0.995475 2.137600 0.000000 0.000000 0.000000 1.000000
0.997028 0.025944 -0.072546 -2.017964 -0.021397 0.997799 0.062766 98.892136 0.074014 -0.061027 0.995388 2.296813 0.000000 0.000000 0.000000 1.000000
0.996864 0.026229 -0.074655 -2.230747 -0.021754 0.997954 0.060129 98.864227 0.076079 -0.058316 0.995395 2.426850 0.000000 0.000000 0.000000 1.000000
0.996827 0.026237 -0.075149 -2.432610 -0.021882 0.998065 0.058202 98.835724 0.076530 -0.056373 0.995472 2.511841 0.000000 0.000000 0.000000 1.000000
0.996735 0.027036 -0.076077 -2.609016 -0.022667 0.998076 0.057717 98.811882 0.077491 -0.055804 0.995430 2.569676 0.000000 0.000000 0.000000 1.000000
0.996681 0.028040 -0.076423 -2.762681 -0.023576 0.997997 0.058699 98.804581 0.077916 -0.056702 0.995346 2.604348 0.000000 0.000000 0.000000 1.000000
0.996787 0.028709 -0.074782 -2.896119 -0.024208 0.997880 0.060410 98.809479 0.076357 -0.058406 0.995368 2.611636 0.000000 0.000000 0.000000 1.000000
0.997019 0.028817 -0.071573 -3.008909 -0.024389 0.997779 0.061992 98.816406 0.073201 -0.060062 0.995507 2.596561 0.000000 0.000000 0.000000 1.000000
0.997264 0.028466 -0.068217 -3.101532 -0.024193 0.997741 0.062675 98.823395 0.069847 -0.060853 0.995700 2.566636 0.000000 0.000000 0.000000 1.000000
0.997473 0.027889 -0.065346 -3.168010 -0.023814 0.997771 0.062340 98.827271 0.066939 -0.060626 0.995913 2.523859 0.000000 0.000000 0.000000 1.000000
0.997639 0.027275 -0.063029 -3.207868 -0.023411 0.997848 0.061242 98.820450 0.064564 -0.059622 0.996131 2.467369 0.000000 0.000000 0.000000 1.000000
0.997707 0.026875 -0.062121 -3.226889 -0.023169 0.997951 0.059639 98.805008 0.063597 -0.058063 0.996285 2.413419 0.000000 0.000000 0.000000 1.000000
0.997753 0.026409 -0.061578 -3.226785 -0.022829 0.998048 0.058135 98.796349 0.062993 -0.056599 0.996408 2.345474 0.000000 0.000000 0.000000 1.000000
0.997878 0.025410 -0.059954 -3.212803 -0.021993 0.998133 0.056977 98.800247 0.061290 -0.055538 0.996574 2.240404 0.000000 0.000000 0.000000 1.000000
0.997959 0.024839 -0.058830 -3.188485 -0.021566 0.998218 0.055642 98.811653 0.060107 -0.054260 0.996716 2.130012 0.000000 0.000000 0.000000 1.000000
0.998017 0.024614 -0.057940 -3.157284 -0.021477 0.998301 0.054158 98.828003 0.059175 -0.052806 0.996850 2.019949 0.000000 0.000000 0.000000 1.000000
0.998087 0.024402 -0.056803 -3.125763 -0.021399 0.998371 0.052897 98.846306 0.058001 -0.051580 0.996983 1.911391 0.000000 0.000000 0.000000 1.000000
0.998145 0.024664 -0.055657 -3.097133 -0.021776 0.998414 0.051917 98.862335 0.056849 -0.050609 0.997099 1.812710 0.000000 0.000000 0.000000 1.000000
0.998225 0.024679 -0.054207 -3.069437 -0.021928 0.998470 0.050767 98.869751 0.055377 -0.049488 0.997238 1.711963 0.000000 0.000000 0.000000 1.000000
0.998285 0.024157 -0.053331 -3.040762 -0.021518 0.998542 0.049513 98.867950 0.054450 -0.048281 0.997349 1.608662 0.000000 0.000000 0.000000 1.000000
0.998266 0.023731 -0.053869 -3.012515 -0.021081 0.998564 0.049253 98.861435 0.054960 -0.048032 0.997333 1.512597 0.000000 0.000000 0.000000 1.000000
0.998178 0.023855 -0.055424 -2.986387 -0.021120 0.998554 0.049430 98.856720 0.056523 -0.048169 0.997239 1.421808 0.000000 0.000000 0.000000 1.000000
0.998059 0.024046 -0.057441 -2.962950 -0.021181 0.998526 0.049963 98.858154 0.058558 -0.048649 0.997098 1.334912 0.000000 0.000000 0.000000 1.000000
0.997945 0.024019 -0.059404 -2.949788 -0.020997 0.998478 0.050995 98.859940 0.060538 -0.049643 0.996931 1.260726 0.000000 0.000000 0.000000 1.000000
0.997869 0.024431 -0.060504 -2.948911 -0.021304 0.998430 0.051795 98.857864 0.061675 -0.050396 0.996823 1.193046 0.000000 0.000000 0.000000 1.000000
0.997815 0.025016 -0.061157 -2.952422 -0.021793 0.998366 0.052820 98.856865 0.062378 -0.051372 0.996730 1.131780 0.000000 0.000000 0.000000 1.000000
0.997762 0.025526 -0.061805 -2.958672 -0.022179 0.998281 0.054259 98.859840 0.063084 -0.052767 0.996612 1.081306 0.000000 0.000000 0.000000 1.000000
0.997734 0.026050 -0.062030 -2.969050 -0.022611 0.998202 0.055515 98.862282 0.063364 -0.053987 0.996529 1.039469 0.000000 0.000000 0.000000 1.000000
0.997740 0.026402 -0.061788 -2.981838 -0.022921 0.998146 0.056388 98.862206 0.063162 -0.054844 0.996495 1.007538 0.000000 0.000000 0.000000 1.000000
0.997716 0.026836 -0.061984 -2.995842 -0.023318 0.998113 0.056804 98.863022 0.063392 -0.055229 0.996459 0.999337 0.000000 0.000000 0.000000 1.000000
0.997668 0.027424 -0.062507 -3.006251 -0.023835 0.998064 0.057452 98.864067 0.063962 -0.055828 0.996390 1.002542 0.000000 0.000000 0.000000 1.000000
0.997714 0.027487 -0.061739 -3.015546 -0.023875 0.998002 0.058497 98.865646 0.063224 -0.056890 0.996377 0.989571 0.000000 0.000000 0.000000 1.000000
0.997771 0.027228 -0.060928 -3.024233 -0.023608 0.997957 0.059365 98.864960 0.062420 -0.057795 0.996375 0.984409 0.000000 0.000000 0.000000 1.000000
0.997804 0.026939 -0.060515 -3.032078 -0.023287 0.997911 0.060259 98.860779 0.062012 -0.058718 0.996347 0.990417 0.000000 0.000000 0.000000 1.000000
0.997872 0.026923 -0.059392 -3.041189 -0.023260 0.997835 0.061519 98.858597 0.060920 -0.060007 0.996337 0.988094 0.000000 0.000000 0.000000 1.000000
0.997944 0.026737 -0.058244 -3.047067 -0.023092 0.997785 0.062384 98.862640 0.059783 -0.060911 0.996351 0.985194 0.000000 0.000000 0.000000 1.000000
0.997976 0.026419 -0.057839 -3.050487 -0.022782 0.997774 0.062669 98.868546 0.059366 -0.061225 0.996357 0.988109 0.000000 0.000000 0.000000 1.000000
0.997991 0.026543 -0.057529 -3.053342 -0.022905 0.997751 0.062994 98.874191 0.059072 -0.061549 0.996354 0.978463 0.000000 0.000000 0.000000 1.000000
0.998011 0.026549 -0.057171 -3.053529 -0.022914 0.997729 0.063331 98.878021 0.058723 -0.061895 0.996354 0.956052 0.000000 0.000000 0.000000 1.000000
0.998007 0.026325 -0.057352 -3.050759 -0.022666 0.997722 0.063538 98.879356 0.058894 -0.062112 0.996330 0.933190 0.000000 0.000000 0.000000 1.000000
0.997969 0.026386 -0.057983 -3.045265 -0.022673 0.997706 0.063780 98.880455 0.059532 -0.062335 0.996278 0.905773 0.000000 0.000000 0.000000 1.000000
0.997942 0.026598 -0.058354 -3.039823 -0.022866 0.997706 0.063715 98.882545 0.059914 -0.062250 0.996261 0.874507 0.000000 0.000000 0.000000 1.000000
0.997919 0.026679 -0.058700 -3.032491 -0.022926 0.997705 0.063707 98.884872 0.060265 -0.062228 0.996241 0.841963 0.000000 0.000000 0.000000 1.000000
0.997884 0.026876 -0.059206 -3.023149 -0.023088 0.997699 0.063754 98.886726 0.060783 -0.062253 0.996208 0.806941 0.000000 0.000000 0.000000 1.000000
0.997870 0.027131 -0.059328 -3.013566 -0.023356 0.997712 0.063437 98.889702 0.060913 -0.061917 0.996221 0.770061 0.000000 0.000000 0.000000 1.000000
0.997886 0.026994 -0.059112 -3.001633 -0.023248 0.997732 0.063164 98.892143 0.060683 -0.061656 0.996251 0.730013 0.000000 0.000000 0.000000 1.000000
0.997885 0.026859 -0.059199 -2.985328 -0.023108 0.997735 0.063168 98.894180 0.060762 -0.061667 0.996246 0.690574 0.000000 0.000000 0.000000 1.000000
0.997843 0.027157 -0.059765 -2.967195 -0.023387 0.997746 0.062899 98.896820 0.061339 -0.061365 0.996229 0.653018 0.000000 0.000000 0.000000 1.000000
0.997808 0.027475 -0.060208 -2.947960 -0.023698 0.997759 0.062569 98.899315 0.061792 -0.061005 0.996223 0.606696 0.000000 0.000000 0.000000 1.000000
0.997797 0.027458 -0.060393 -2.927674 -0.023665 0.997755 0.062646 98.901726 0.061978 -0.061079 0.996207 0.554148 0.000000 0.000000 0.000000 1.000000
0.997780 0.027355 -0.060718 -2.908542 -0.023543 0.997759 0.062638 98.905228 0.062295 -0.061069 0.996188 0.507384 0.000000 0.000000 0.000000 1.000000</float_array>
        <technique_common>
          <accessor source="#mixamorig_Hips-Matrix-animation-output-transform-array" count="203" stride="16">
            <param type="float4x4"/>
          </accessor>
        </technique_common>
      </source>
      <source id="mixamorig_Hips-Interpolations">
        <Name_array id="mixamorig_Hips-Interpolations-array" count="203">
 LINEAR LINEAR LINEAR LINEAR LINEAR LINEAR LINEAR LINEAR LINEAR LINEAR LINEAR
LINEAR LINEAR LINEAR LINEAR LINEAR LINEAR LINEAR LINEAR LINEAR LINEAR LINEAR LINEAR
LINEAR LINEAR LINEAR LINEAR LINEAR LINEAR LINEAR LINEAR LINEAR LINEAR LINEAR LINEAR
LINEAR LINEAR LINEAR LINEAR LINEAR LINEAR LINEAR LINEAR LINEAR LINEAR LINEAR LINEAR
LINEAR LINEAR LINEAR LINEAR LINEAR LINEAR LINEAR LINEAR LINEAR LINEAR LINEAR LINEAR
LINEAR LINEAR LINEAR LINEAR LINEAR LINEAR LINEAR LINEAR LINEAR LINEAR LINEAR LINEAR
LINEAR LINEAR LINEAR LINEAR LINEAR LINEAR LINEAR LINEAR LINEAR LINEAR LINEAR LINEAR
LINEAR LINEAR LINEAR LINEAR LINEAR LINEAR LINEAR LINEAR LINEAR LINEAR LINEAR LINEAR
LINEAR LINEAR LINEAR LINEAR LINEAR LINEAR LINEAR LINEAR LINEAR LINEAR LINEAR LINEAR
LINEAR LINEAR LINEAR LINEAR LINEAR LINEAR LINEAR LINEAR LINEAR LINEAR LINEAR LINEAR
LINEAR LINEAR LINEAR LINEAR LINEAR LINEAR LINEAR LINEAR LINEAR LINEAR LINEAR LINEAR
LINEAR LINEAR LINEAR LINEAR LINEAR LINEAR LINEAR LINEAR LINEAR LINEAR LINEAR LINEAR
LINEAR LINEAR LINEAR LINEAR LINEAR LINEAR LINEAR LINEAR LINEAR LINEAR LINEAR LINEAR
LINEAR LINEAR LINEAR LINEAR LINEAR LINEAR LINEAR LINEAR LINEAR LINEAR LINEAR LINEAR
LINEAR LINEAR LINEAR LINEAR LINEAR LINEAR LINEAR LINEAR LINEAR LINEAR LINEAR LINEAR
LINEAR LINEAR LINEAR LINEAR LINEAR LINEAR LINEAR LINEAR LINEAR LINEAR LINEAR LINEAR
LINEAR LINEAR LINEAR LINEAR LINEAR LINEAR LINEAR LINEAR LINEAR LINEAR LINEAR LINEAR</Name_array>
        <technique_common>
          <accessor source="#mixamorig_Hips-Interpolations-array" count="203">
            <param type="name"/>
          </accessor>
        </technique_common>
      </source>
      <sampler id="mixamorig_Hips-Matrix-animation-transform">
        <input semantic="INPUT" source="#mixamorig_Hips-Matrix-animation-input"/>
        <input semantic="OUTPUT" source="#mixamorig_Hips-Matrix-animation-output-transform"/>
        <input semantic="INTERPOLATION" source="#mixamorig_Hips-Interpolations"/>
      </sampler>
      <channel source="#mixamorig_Hips-Matrix-animation-transform" target="mixamorig_Hips/matrix"/>
    </animation>
    <animation id="mixamorig_Spine-anim" name="mixamorig_Spine">
      <source id="mixamorig_Spine-Matrix-animation-input">
        <float_array id="mixamorig_Spine-Matrix-animation-input-array" count="203">

0.000000 0.033333 0.066667 0.100000 0.133333 0.166667 0.200000 0.233333 0.266667 0.300000 0.333333 0.366667 0.400000 0.433333 0.466667 0.500000
0.533333 0.566667 0.600000 0.633333 0.666667 0.700000 0.733333 0.766667 0.800000 0.833333 0.866667 0.900000 0.933333 0.966667 1.000000 1.033333
1.066667 1.100000 1.133333 1.166667 1.200000 1.233333 1.266667 1.300000 1.333333 1.366667 1.400000 1.433333 1.466667 1.500000 1.533333 1.566667
1.600000 1.633333 1.666667 1.700000 1.733333 1.766667 1.800000 1.833333 1.866667 1.900000 1.933333 1.966667 2.000000 2.033333 2.066667 2.100000
2.133333 2.166667 2.200000 2.233333 2.266667 2.300000 2.333333 2.366667 2.400000 2.433333 2.466667 2.500000 2.533333 2.566667 2.600000 2.633333
2.666667 2.700000 2.733333 2.766667 2.800000 2.833333 2.866667 2.900000 2.933333 2.966667 3.000000 3.033333 3.066667 3.100000 3.133333 3.166667
3.200000 3.233333 3.266667 3.300000 3.333333 3.366667 3.400000 3.433333 3.466667 3.500000 3.533333 3.566667 3.600000 3.633333 3.666667 3.700000
3.733333 3.766667 3.800000 3.833333 3.866667 3.900000 3.933333 3.966667 4.000000 4.033333 4.066667 4.100000 4.133333 4.166667 4.200000 4.233333
4.266667 4.300000 4.333333 4.366667 4.400000 4.433333 4.466667 4.500000 4.533333 4.566667 4.600000 4.633333 4.666667 4.700000 4.733333 4.766667
4.800000 4.833333 4.866667 4.900000 4.933333 4.966667 5.000000 5.033333 5.066667 5.100000 5.133333 5.166667 5.200000 5.233333 5.266667 5.300000
5.333333 5.366667 5.400000 5.433333 5.466667 5.500000 5.533333 5.566667 5.600000 5.633333 5.666667 5.700000 5.733333 5.766667 5.800000 5.833333
5.866667 5.900000 5.933333 5.966667 6.000000 6.033333 6.066667 6.100000 6.133333 6.166667 6.200000 6.233333 6.266667 6.300000 6.333333 6.366667
6.400000 6.433333 6.466667 6.500000 6.533333 6.566667 6.600000 6.633333 6.666667 6.700000 6.733333</float_array>
        <technique_common>
          <accessor source="#mixamorig_Spine-Matrix-animation-input-array" count="203">
            <param name="TIME" type="float"/>
          </accessor>
        </technique_common>
      </source>
      <source id="mixamorig_Spine-Matrix-animation-output-transform">
        <float_array id="mixamorig_Spine-Matrix-animation-output-transform-array" count="3248">

0.999441 -0.033312 -0.002931 0.000000 0.033284 0.999405 -0.009086 5.645700 0.003231 0.008983 0.999954 -0.031900 0.000000 0.000000 0.000000 1.000000
0.999439 -0.033368 -0.002904 0.000000 0.033339 0.999399 -0.009525 5.645700 0.003220 0.009423 0.999950 -0.031900 0.000000 0.000000 0.000000 1.000000
0.999433 -0.033546 -0.002909 0.000000 0.033515 0.999388 -0.010050 5.645700 0.003244 0.009947 0.999945 -0.031900 0.000000 0.000000 0.000000 1.000000
0.999423 -0.033833 -0.002983 0.000000 0.033799 0.999370 -0.010809 5.645700 0.003347 0.010702 0.999937 -0.031900 0.000000 0.000000 0.000000 1.000000
0.999411 -0.034173 -0.003104 0.000000 0.034134 0.999346 -0.011944 5.645700 0.003510 0.011831 0.999924 -0.031900 0.000000 0.000000 0.000000 1.000000
0.999399 -0.034508 -0.003234 0.000000 0.034461 0.999314 -0.013526 5.645700 0.003699 0.013406 0.999903 -0.031900 0.000000 0.000000 0.000000 1.000000
0.999393 -0.034680 -0.003411 0.000000 0.034623 0.999281 -0.015434 5.645700 0.003944 0.015306 0.999875 -0.031900 0.000000 0.000000 0.000000 1.000000
0.999396 -0.034567 -0.003672 0.000000 0.034498 0.999254 -0.017378 5.645700 0.004270 0.017241 0.999842 -0.031900 0.000000 0.000000 0.000000 1.000000
0.999404 -0.034297 -0.003891 -0.000000 0.034217 0.999233 -0.019065 5.645700 0.004542 0.018920 0.999811 -0.031900 0.000000 0.000000 0.000000 1.000000
0.999410 -0.034127 -0.003862 0.000000 0.034042 0.999213 -0.020369 5.645700 0.004554 0.020226 0.999785 -0.031900 0.000000 0.000000 0.000000 1.000000
0.999409 -0.034202 -0.003497 0.000000 0.034120 0.999190 -0.021313 5.645700 0.004223 0.021181 0.999767 -0.031900 0.000000 0.000000 0.000000 1.000000
0.999401 -0.034471 -0.003034 0.000000 0.034396 0.999165 -0.022042 5.645700 0.003792 0.021925 0.999752 -0.031900 0.000000 0.000000 0.000000 1.000000
