<?xml version="1.0" encoding="utf-8"?>
<COLLADA xmlns="http://www.collada.org/2005/11/COLLADASchema" version="1.4.1">
  <asset>
    <contributor>
      <author>Mixamo</author>
      <authoring_tool>COLLADA Mixamo exporter</authoring_tool>
      <comments/>
    </contributor>
    <created>2026-05-14T19:14:41Z</created>
    <modified>2026-05-14T19:14:41Z</modified>
    <revision/>
    <title/>
    <unit meter="0.010000"/>
    <up_axis>Y_UP</up_axis>
  </asset>
  <library_animations>
    <animation id="mixamorig_Hips-anim" name="mixamorig_Hips">
      <source id="mixamorig_Hips-Matrix-animation-input">
        <float_array id="mixamorig_Hips-Matrix-animation-input-array" count="27">

0.000000 0.033333 0.066667 0.100000 0.133333 0.166667 0.200000 0.233333 0.266667 0.300000 0.333333 0.366667 0.400000 0.433333 0.466667 0.500000
0.533333 0.566667 0.600000 0.633333 0.666667 0.700000 0.733333 0.766667 0.800000 0.833333 0.866667</float_array>
        <technique_common>
          <accessor source="#mixamorig_Hips-Matrix-animation-input-array" count="27">
            <param name="TIME" type="float"/>
          </accessor>
        </technique_common>
      </source>
      <source id="mixamorig_Hips-Matrix-animation-output-transform">
        <float_array id="mixamorig_Hips-Matrix-animation-output-transform-array" count="432">

0.962094 0.021881 -0.271840 -0.170641 -0.115318 0.935920 -0.332799 93.689819 0.247139 0.351532 0.902966 3.364138 0.000000 0.000000 0.000000 1.000000
0.951757 -0.015158 -0.306479 -0.636946 -0.075209 0.956792 -0.280878 97.281715 0.297494 0.290378 0.909493 2.312630 0.000000 0.000000 0.000000 1.000000
0.959211 -0.097153 -0.265473 -1.289658 0.025598 0.965082 -0.260695 102.664635 0.281530 0.243266 0.928204 1.621166 0.000000 0.000000 0.000000 1.000000
0.968303 -0.193225 -0.158280 -2.277695 0.146547 0.952644 -0.266446 108.874496 0.202269 0.234805 0.950765 0.756153 0.000000 0.000000 0.000000 1.000000
0.968525 -0.245836 -0.039033 -3.117688 0.226324 0.935003 -0.273035 115.301659 0.103618 0.255607 0.961212 -0.930280 0.000000 0.000000 0.000000 1.000000
0.972847 -0.228434 0.037236 -3.347297 0.230007 0.936267 -0.265519 121.321877 0.025791 0.266874 0.963386 -3.561498 0.000000 0.000000 0.000000 1.000000
0.980894 -0.184455 0.061838 -2.917307 0.193890 0.952940 -0.233048 126.452927 -0.015941 0.240585 0.970497 -6.657285 0.000000 0.000000 0.000000 1.000000
0.986232 -0.157220 0.051263 -2.014478 0.164133 0.968439 -0.187579 130.146194 -0.020154 0.193410 0.980911 -10.362885 0.000000 0.000000 0.000000 1.000000
0.988781 -0.145659 0.033104 -0.779414 0.149160 0.974653 -0.166742 132.756500 -0.007977 0.169809 0.985445 -13.730256 0.000000 0.000000 0.000000 1.000000
0.991344 -0.129976 0.018523 0.095989 0.131086 0.972074 -0.194652 134.478806 0.007294 0.195395 0.980697 -16.373884 0.000000 0.000000 0.000000 1.000000
0.994590 -0.102596 0.016282 0.343517 0.103321 0.960778 -0.257353 135.295151 0.010760 0.257643 0.966180 -18.003250 0.000000 0.000000 0.000000 1.000000
0.997869 -0.055733 0.033921 -0.000548 0.063675 0.945241 -0.320102 135.131851 -0.014223 0.321580 0.946776 -18.658627 0.000000 0.000000 0.000000 1.000000
0.998028 0.013258 0.061351 -0.546587 0.009403 0.934828 -0.354976 133.747849 -0.062059 0.354853 0.932860 -18.706041 0.000000 0.000000 0.000000 1.000000
0.991972 0.108190 0.065469 -0.871662 -0.078166 0.931559 -0.355089 131.165909 -0.099405 0.347121 0.932537 -18.504683 0.000000 0.000000 0.000000 1.000000
0.974517 0.223329 0.020976 -0.700138 -0.204251 0.922130 -0.328568 127.314346 -0.092721 0.315911 0.944247 -18.044628 0.000000 0.000000 0.000000 1.000000
0.939992 0.336041 -0.059085 0.048085 -0.338470 0.896555 -0.285705 121.996925 -0.043036 0.288559 0.956494 -17.167515 0.000000 0.000000 0.000000 1.000000
0.910656 0.396793 -0.115155 0.946581 -0.413159 0.876016 -0.248787 115.447617 0.002161 0.274137 0.961688 -16.078997 0.000000 0.000000 0.000000 1.000000
0.923415 0.367496 -0.110686 1.318306 -0.383540 0.894249 -0.230684 108.521599 0.014206 0.255470 0.966713 -15.102589 0.000000 0.000000 0.000000 1.000000
0.964561 0.258310 -0.053842 0.888930 -0.263858 0.943184 -0.201950 102.404610 -0.001383 0.209000 0.977915 -14.271017 0.000000 0.000000 0.000000 1.000000
0.988078 0.153822 0.006415 0.296224 -0.151279 0.977793 -0.145037 97.499115 -0.028582 0.142337 0.989405 -12.993289 0.000000 0.000000 0.000000 1.000000
0.993907 0.100893 0.044380 0.048697 -0.095890 0.990025 -0.103226 94.585648 -0.054352 0.098342 0.993667 -10.640837 0.000000 0.000000 0.000000 1.000000
0.994508 0.094808 0.044331 -0.031237 -0.089259 0.989491 -0.113757 93.192421 -0.054650 0.109175 0.992519 -7.262469 0.000000 0.000000 0.000000 1.000000
0.994565 0.103975 -0.005398 -0.128332 -0.103404 0.980385 -0.167787 92.387375 -0.012153 0.167433 0.985809 -3.652206 0.000000 0.000000 0.000000 1.000000
0.989756 0.104079 -0.097725 -0.219416 -0.124052 0.965766 -0.227830 91.839912 0.070667 0.237619 0.968784 -0.938129 0.000000 0.000000 0.000000 1.000000
0.976191 0.088946 -0.197838 -0.241587 -0.141361 0.952649 -0.269216 91.782997 0.164524 0.290773 0.942541 0.623495 0.000000 0.000000 0.000000 1.000000
0.962574 0.060949 -0.264078 -0.194993 -0.141643 0.943855 -0.298453 92.445076 0.231061 0.324688 0.917163 1.763697 0.000000 0.000000 0.000000 1.000000
0.962094 0.021881 -0.271840 -0.170640 -0.115319 0.935920 -0.332799 93.689812 0.247139 0.351532 0.902966 3.364133 0.000000 0.000000 0.000000 1.000000</float_array>
        <technique_common>
          <accessor source="#mixamorig_Hips-Matrix-animation-output-transform-array" count="27" stride="16">
            <param type="float4x4"/>
          </accessor>
        </technique_common>
      </source>
      <source id="mixamorig_Hips-Interpolations">
        <Name_array id="mixamorig_Hips-Interpolations-array" count="27">
 LINEAR LINEAR LINEAR LINEAR LINEAR LINEAR LINEAR LINEAR LINEAR LINEAR LINEAR
LINEAR LINEAR LINEAR LINEAR LINEAR LINEAR LINEAR LINEAR LINEAR LINEAR LINEAR LINEAR
LINEAR LINEAR LINEAR LINEAR</Name_array>
        <technique_common>
          <accessor source="#mixamorig_Hips-Interpolations-array" count="27">
            <param type="name"/>
          </accessor>
        </technique_common>
      </source>
      <sampler id="mixamorig_Hips-Matrix-animation-transform">
        <input semantic="INPUT" source="#mixamorig_Hips-Matrix-animation-input"/>
        <input semantic="OUTPUT" source="#mixamorig_Hips-Matrix-animation-output-transform"/>
        <input semantic="INTERPOLATION" source="#mixamorig_Hips-Interpolations"/>
      </sampler>
      <channel source="#mixamorig_Hips-Matrix-animation-transform" target="mixamorig_Hips/matrix"/>
    </animation>
    <animation id="mixamorig_Spine-anim" name="mixamorig_Spine">
      <source id="mixamorig_Spine-Matrix-animation-input">
        <float_array id="mixamorig_Spine-Matrix-animation-input-array" count="27">

0.000000 0.033333 0.066667 0.100000 0.133333 0.166667 0.200000 0.233333 0.266667 0.300000 0.333333 0.366667 0.400000 0.433333 0.466667 0.500000
0.533333 0.566667 0.600000 0.633333 0.666667 0.700000 0.733333 0.766667 0.800000 0.833333 0.866667</float_array>
        <technique_common>
          <accessor source="#mixamorig_Spine-Matrix-animation-input-array" count="27">
            <param name="TIME" type="float"/>
          </accessor>
        </technique_common>
      </source>
      <source id="mixamorig_Spine-Matrix-animation-output-transform">
        <float_array id="mixamorig_Spine-Matrix-animation-output-transform-array" count="432">

0.998874 0.007781 0.046794 0.000000 -0.002758 0.994313 -0.106465 5.645700 -0.047356 0.106216 0.993215 -0.031900 0.000000 0.000000 0.000000 1.000000
0.989615 0.034650 0.139508 0.000000 -0.016038 0.991069 -0.132385 5.645700 -0.142849 0.128772 0.981332 -0.031900 0.000000 0.000000 0.000000 1.000000
0.970495 0.130386 0.202825 -0.000000 -0.102632 0.984555 -0.141838 5.645700 -0.218186 0.116837 0.968888 -0.031900 0.000000 0.000000 0.000000 1.000000
0.936409 0.260068 0.235590 0.000000 -0.230462 0.962066 -0.146002 5.645700 -0.264623 0.082423 0.960823 -0.031900 0.000000 0.000000 0.000000 1.000000
0.908458 0.345347 0.235457 0.000000 -0.319734 0.937004 -0.140689 5.645700 -0.269210 0.052526 0.961648 -0.031900 0.000000 0.000000 0.000000 1.000000
0.917077 0.339990 0.208272 0.000000 -0.318843 0.939001 -0.128906 5.645700 -0.239394 0.051811 0.969539 -0.031900 0.000000 0.000000 0.000000 1.000000
0.945333 0.283532 0.161105 0.000000 -0.262553 0.954754 -0.139682 5.645700 -0.193420 0.089748 0.977003 -0.031900 0.000000 0.000000 0.000000 1.000000
0.965750 0.230907 0.118363 0.000000 -0.206914 0.960578 -0.185678 5.645700 -0.156571 0.154828 0.975456 -0.031900 0.000000 0.000000 0.000000 1.000000
0.976065 0.196623 0.092936 0.000000 -0.169029 0.954749 -0.244712 5.645700 -0.136847 0.223146 0.965132 -0.031900 0.000000 0.000000 0.000000 1.000000
0.981582 0.170563 0.086051 -0.000000 -0.139412 0.947496 -0.287776 5.645700 -0.130617 0.270479 0.953824 -0.031900 0.000000 0.000000 0.000000 1.000000
0.985624 0.144984 0.086742 0.000000 -0.112609 0.946488 -0.302457 5.645700 -0.125952 0.288341 0.949208 -0.031900 0.000000 0.000000 0.000000 1.000000
0.990243 0.106792 0.089527 0.000000 -0.075988 0.952322 -0.295480 5.645700 -0.116813 0.285794 0.951145 -0.031900 0.000000 0.000000 0.000000 1.000000
0.993452 0.049805 0.102825 0.000000 -0.018778 0.958922 -0.283046 5.645700 -0.112698 0.279262 0.953578 -0.031900 0.000000 0.000000 0.000000 1.000000
0.988945 -0.030563 0.145099 -0.000000 0.069488 0.959954 -0.271405 5.645700 -0.130994 0.278487 0.951465 -0.031900 0.000000 0.000000 0.000000 1.000000
0.968131 -0.133586 0.211844 0.000000 0.185294 0.951128 -0.247025 5.645700 -0.168491 0.278406 0.945569 -0.031900 0.000000 0.000000 0.000000 1.000000
0.933413 -0.244313 0.262778 0.000000 0.300368 0.932659 -0.199815 5.645700 -0.196265 0.265440 0.943940 -0.031900 0.000000 0.000000 0.000000 1.000000
0.918777 -0.316367 0.236136 0.000000 0.358166 0.919572 -0.161572 5.645700 -0.166028 0.233024 0.958193 -0.031900 0.000000 0.000000 0.000000 1.000000
0.946661 -0.299498 0.118884 0.000000 0.316294 0.934158 -0.165248 5.645700 -0.061565 0.194036 0.979061 -0.031900 0.000000 0.000000 0.000000 1.000000
0.980316 -0.193332 -0.040034 0.000000 0.183037 0.965966 -0.182774 5.645700 0.074008 0.171849 0.982340 -0.031900 0.000000 0.000000 0.000000 1.000000
0.985428 -0.087141 -0.146077 -0.000000 0.059365 0.980995 -0.184729 5.645700 0.159398 0.173366 0.971873 -0.031900 0.000000 0.000000 0.000000 1.000000
0.982143 -0.041933 -0.183405 0.000000 0.009824 0.984946 -0.172586 5.645700 0.187881 0.167702 0.967769 -0.031900 0.000000 0.000000 0.000000 1.000000
0.981058 -0.055003 -0.185740 -0.000000 0.029339 0.989971 -0.138194 5.645700 0.191478 0.130127 0.972833 -0.031900 0.000000 0.000000 0.000000 1.000000
0.980432 -0.085302 -0.177414 0.000000 0.069749 0.993301 -0.092135 5.645700 0.184085 0.077958 0.979814 -0.031900 0.000000 0.000000 0.000000 1.000000
0.982852 -0.099090 -0.155509 0.000000 0.089529 0.993705 -0.067344 5.645700 0.161203 0.052267 0.985536 -0.031900 0.000000 0.000000 0.000000 1.000000
0.990356 -0.086482 -0.108242 0.000000 0.078512 0.994023 -0.075855 5.645700 0.114155 0.066625 0.991226 -0.031900 0.000000 0.000000 0.000000 1.000000
0.998083 -0.050077 -0.036355 -0.000000 0.046335 0.994172 -0.097337 5.645700 0.041017 0.095466 0.994587 -0.031900 0.000000 0.000000 0.000000 1.000000
0.998874 0.007780 0.046794 0.000000 -0.002757 0.994313 -0.106465 5.645700 -0.047356 0.106216 0.993215 -0.031900 0.000000 0.000000 0.000000 1.000000</float_array>
        <technique_common>
          <accessor source="#mixamorig_Spine-Matrix-animation-output-transform-array" count="27" stride="16">
            <param type="float4x4"/>
          </accessor>
        </technique_common>
      </source>
      <source id="mixamorig_Spine-Interpolations">
        <Name_array id="mixamorig_Spine-Interpolations-array" count="27">
 LINEAR LINEAR LINEAR LINEAR LINEAR LINEAR LINEAR LINEAR LINEAR LINEAR LINEAR
LINEAR LINEAR LINEAR LINEAR LINEAR LINEAR LINEAR LINEAR LINEAR LINEAR LINEAR LINEAR
LINEAR LINEAR LINEAR LINEAR</Name_array>
        <technique_common>
          <accessor source="#mixamorig_Spine-Interpolations-array" count="27">
            <param type="name"/>
          </accessor>
        </technique_common>
      </source>
      <sampler id="mixamorig_Spine-Matrix-animation-transform">
        <input semantic="INPUT" source="#mixamorig_Spine-Matrix-animation-input"/>
        <input semantic="OUTPUT" source="#mixamorig_Spine-Matrix-animation-output-transform"/>
        <input semantic="INTERPOLATION" source="#mixamorig_Spine-Interpolations"/>
      </sampler>
      <channel source="#mixamorig_Spine-Matrix-animation-transform" target="mixamorig_Spine/matrix"/>
    </animation>
    <animation id="mixamorig_Spine1-anim" name="mixamorig_Spine1">
      <source id="mixamorig_Spine1-Matrix-animation-input">
        <float_array id="mixamorig_Spine1-Matrix-animation-input-array" count="27">

0.000000 0.033333 0.066667 0.100000 0.133333 0.166667 0.200000 0.233333 0.266667 0.300000 0.333333 0.366667 0.400000 0.433333 0.466667 0.500000
0.533333 0.566667 0.600000 0.633333 0.666667 0.700000 0.733333 0.766667 0.800000 0.833333 0.866667</float_array>
        <technique_common>
          <accessor source="#mixamorig_Spine1-Matrix-animation-input-array" count="27">
            <param name="TIME" type="float"/>
          </accessor>
        </technique_common>
      </source>
      <source id="mixamorig_Spine1-Matrix-animation-output-transform">
        <float_array id="mixamorig_Spine1-Matrix-animation-output-transform-array" count="432">

0.999850 -0.002139 0.017177 0.000000 0.003392 0.997309 -0.073234 6.586800 -0.016974 0.073282 0.997167 0.000000 0.000000 0.000000 0.000000 1.000000
0.998118 0.010499 0.060421 -0.000000 -0.005129 0.996076 -0.088350 6.586800 -0.061112 0.087874 0.994255 0.000000 0.000000 0.000000 0.000000 1.000000
0.994759 0.036486 0.095519 0.000000 -0.028680 0.996231 -0.081858 6.586800 -0.098146 0.078689 0.992056 0.000000 0.000000 0.000000 0.000000 1.000000
0.990503 0.073827 0.115988 -0.000000 -0.066415 0.995572 -0.066521 6.586800 -0.120385 0.058186 0.991021 0.000000 0.000000 0.000000 0.000000 1.000000
0.987563 0.106886 0.115304 0.000000 -0.101241 0.993408 -0.053761 6.586800 -0.120290 0.041419 0.991874 0.000000 0.000000 0.000000 0.000000 1.000000
0.988420 0.119472 0.093554 0.000000 -0.114992 0.992009 -0.051912 6.586800 -0.099009 0.040553 0.994260 0.000000 0.000000 0.000000 0.000000 1.000000
0.991946 0.111046 0.060931 0.000000 -0.106804 0.991887 -0.068946 6.586800 -0.068093 0.061883 0.995758 -0.000000 0.000000 0.000000 0.000000 1.000000
0.995199 0.092315 0.032524 0.000000 -0.088420 0.990456 -0.105728 6.586800 -0.041974 0.102345 0.993863 -0.000000 0.000000 0.000000 0.000000 1.000000
0.997099 0.074115 0.017351 -0.000000 -0.070725 0.986336 -0.148794 6.586800 -0.028142 0.147135 0.988716 0.000000 0.000000 0.000000 0.000000 1.000000
0.997990 0.062013 0.013020 0.000000 -0.058690 0.982099 -0.178990 6.586800 -0.023887 0.177866 0.983765 0.000000 0.000000 0.000000 0.000000 1.000000
0.998470 0.054205 0.010977 0.000000 -0.051191 0.980928 -0.187509 6.586800 -0.020932 0.186660 0.982201 0.000000 0.000000 0.000000 0.000000 1.000000
0.999051 0.043208 0.005433 0.000000 -0.041510 0.982569 -0.181204 6.586800 -0.013168 0.180807 0.983430 0.000000 0.000000 0.000000 0.000000 1.000000
0.999738 0.022767 -0.002536 0.000000 -0.022863 0.984758 -0.172419 6.586800 -0.001428 0.172432 0.985020 -0.000000 0.000000 0.000000 0.000000 1.000000
0.999945 -0.006459 -0.008212 0.000000 0.005016 0.986286 -0.164970 6.586800 0.009165 0.164919 0.986264 0.000000 0.000000 0.000000 0.000000 1.000000
0.999218 -0.038301 -0.009786 0.000000 0.036364 0.987647 -0.152418 6.586800 0.015503 0.151943 0.988268 0.000000 0.000000 0.000000 0.000000 1.000000
0.997804 -0.065249 -0.011404 0.000000 0.063201 0.989370 -0.130967 6.586800 0.019828 0.129959 0.991321 0.000000 0.000000 0.000000 0.000000 1.000000
0.996640 -0.079516 -0.019631 0.000000 0.076915 0.991027 -0.109312 6.586800 0.028147 0.107435 0.993814 0.000000 0.000000 0.000000 0.000000 1.000000
0.996492 -0.075000 -0.037139 0.000000 0.070933 0.992375 -0.100799 6.586800 0.044415 0.097811 0.994213 0.000000 0.000000 0.000000 0.000000 1.000000
0.996750 -0.054118 -0.059670 -0.000000 0.047450 0.993018 -0.108000 6.586800 0.065098 0.104818 0.992358 -0.000000 0.000000 0.000000 0.000000 1.000000
0.996427 -0.029721 -0.079056 0.000000 0.020167 0.992688 -0.119014 6.586800 0.082015 0.116995 0.989740 0.000000 0.000000 0.000000 0.000000 1.000000
0.995865 -0.014611 -0.089660 -0.000000 0.004031 0.993116 -0.117064 6.586800 0.090754 0.116218 0.989069 0.000000 0.000000 0.000000 0.000000 1.000000
0.995756 -0.010884 -0.091389 0.000000 0.002167 0.995481 -0.094938 6.586800 0.092009 0.094337 0.991279 0.000000 0.000000 0.000000 0.000000 1.000000
0.996205 -0.011641 -0.086255 0.000000 0.006073 0.997897 -0.064540 6.586800 0.086825 0.063771 0.994180 0.000000 0.000000 0.000000 0.000000 1.000000
0.997227 -0.011146 -0.073587 0.000000 0.007659 0.998842 -0.047489 6.586800 0.074031 0.046793 0.996158 0.000000 0.000000 0.000000 0.000000 1.000000
0.998662 -0.009368 -0.050857 -0.000000 0.006715 0.998620 -0.052088 6.586800 0.051275 0.051677 0.997347 0.000000 0.000000 0.000000 0.000000 1.000000
0.999796 -0.007086 -0.018933 0.000000 0.005817 0.997785 -0.066265 6.586800 0.019361 0.066141 0.997622 0.000000 0.000000 0.000000 0.000000 1.000000
0.999850 -0.002139 0.017177 -0.000000 0.003392 0.997309 -0.073234 6.586800 -0.016975 0.073281 0.997167 0.000000 0.000000 0.000000 0.000000 1.000000</float_array>
        <technique_common>
          <accessor source="#mixamorig_Spine1-Matrix-animation-output-transform-array" count="27" stride="16">
            <param type="float4x4"/>
          </accessor>
        </technique_common>
      </source>
      <source id="mixamorig_Spine1-Interpolations">
        <Name_array id="mixamorig_Spine1-Interpolations-array" count="27">
 LINEAR LINEAR LINEAR LINEAR LINEAR LINEAR LINEAR LINEAR LINEAR LINEAR LINEAR
LINEAR LINEAR LINEAR LINEAR LINEAR LINEAR LINEAR LINEAR LINEAR LINEAR LINEAR LINEAR
LINEAR LINEAR LINEAR LINEAR</Name_array>
        <technique_common>
          <accessor source="#mixamorig_Spine1-Interpolations-array" count="27">
            <param type="name"/>
          </accessor>
        </technique_common>
      </source>
      <sampler id="mixamorig_Spine1-Matrix-animation-transform">
        <input semantic="INPUT" source="#mixamorig_Spine1-Matrix-animation-input"/>
        <input semantic="OUTPUT" source="#mixamorig_Spine1-Matrix-animation-output-transform"/>
        <input semantic="INTERPOLATION" source="#mixamorig_Spine1-Interpolations"/>
      </sampler>
      <channel source="#mixamorig_Spine1-Matrix-animation-transform" target="mixamorig_Spine1/matrix"/>
    </animation>
    <animation id="mixamorig_Spine2-anim" name="mixamorig_Spine2">
      <source id="mixamorig_Spine2-Matrix-animation-input">
        <float_array id="mixamorig_Spine2-Matrix-animation-input-array" count="27">

0.000000 0.033333 0.066667 0.100000 0.133333 0.166667 0.200000 0.233333 0.266667 0.300000 0.333333 0.366667 0.400000 0.433333 0.466667 0.500000
0.533333 0.566667 0.600000 0.633333 0.666667 0.700000 0.733333 0.766667 0.800000 0.833333 0.866667</float_array>
        <technique_common>
          <accessor source="#mixamorig_Spine2-Matrix-animation-input-array" count="27">
            <param name="TIME" type="float"/>
          </accessor>
        </technique_common>
      </source>
      <source id="mixamorig_Spine2-Matrix-animation-output-transform">
        <float_array id="mixamorig_Spine2-Matrix-animation-output-transform-array" count="432">

0.999894 -0.003352 0.014171 -0.000000 0.004387 0.997275 -0.073649 7.527800 -0.013885 0.073703 0.997184 0.000000 0.000000 0.000000 0.000000 1.000000
0.998265 0.008060 0.058328 0.000000 -0.002925 0.996151 -0.087602 7.527800 -0.058810 0.087279 0.994446 0.000000 0.000000 0.000000 0.000000 1.000000
0.995029 0.033334 0.093843 0.000000 -0.025761 0.996399 -0.080778 7.527800 -0.096197 0.077959 0.992305 0.000000 0.000000 0.000000 0.000000 1.000000
0.990935 0.070700 0.114230 0.000000 -0.063401 0.995782 -0.066314 7.527800 -0.118437 0.058471 0.991239 0.000000 0.000000 0.000000 0.000000 1.000000
0.988057 0.104463 0.113273 0.000000 -0.098757 0.993597 -0.054883 7.527800 -0.118281 0.043041 0.992047 0.000000 0.000000 0.000000 0.000000 1.000000
0.988784 0.118045 0.091498 -0.000000 -0.113495 0.992100 -0.053450 7.527800 -0.097085 0.042466 0.994370 0.000000 0.000000 0.000000 0.000000 1.000000
0.992086 0.110406 0.059804 0.000000 -0.106179 0.991896 -0.069776 7.527800 -0.067023 0.062874 0.995768 0.000000 0.000000 0.000000 0.000000 1.000000
0.995180 0.092095 0.033698 0.000000 -0.088083 0.990491 -0.105681 7.527800 -0.043110 0.102203 0.993829 0.000000 0.000000 0.000000 0.000000 1.000000
0.997025 0.074105 0.021214 0.000000 -0.070160 0.986437 -0.148390 7.527800 -0.031923 0.146460 0.988701 0.000000 0.000000 0.000000 0.000000 1.000000
0.997907 0.062080 0.018105 -0.000000 -0.057862 0.982206 -0.178671 7.527800 -0.028875 0.177249 0.983742 0.000000 0.000000 0.000000 0.000000 1.000000
0.998414 0.054227 0.015121 0.000000 -0.050442 0.980987 -0.187402 7.527800 -0.024996 0.186342 0.982167 0.000000 0.000000 0.000000 0.000000 1.000000
0.999038 0.043188 0.007564 -0.000000 -0.041104 0.982581 -0.181234 7.527800 -0.015259 0.180749 0.983411 0.000000 0.000000 0.000000 0.000000 1.000000
0.999737 0.022808 -0.002179 0.000000 -0.022842 0.984754 -0.172445 7.527800 -0.001787 0.172449 0.985017 -0.000000 0.000000 0.000000 0.000000 1.000000
0.999940 -0.006318 -0.008965 -0.000000 0.004754 0.986298 -0.164905 7.527800 0.009884 0.164852 0.986269 -0.000000 0.000000 0.000000 0.000000 1.000000
0.999214 -0.038108 -0.010944 0.000000 0.035999 0.987674 -0.152328 7.527800 0.016614 0.151814 0.988269 0.000000 0.000000 0.000000 0.000000 1.000000
0.997811 -0.064990 -0.012247 0.000000 0.062833 0.989385 -0.131035 7.527800 0.020633 0.129979 0.991302 0.000000 0.000000 0.000000 0.000000 1.000000
0.996673 -0.079020 -0.019963 0.000000 0.076377 0.991034 -0.109630 7.527800 0.028447 0.107740 0.993772 0.000000 0.000000 0.000000 0.000000 1.000000
0.996549 -0.074005 -0.037607 0.000000 0.069882 0.992417 -0.101122 7.527800 0.044806 0.098145 0.994163 0.000000 0.000000 0.000000 0.000000 1.000000
0.996768 -0.052406 -0.060890 0.000000 0.045622 0.993113 -0.107910 7.527800 0.066126 0.104784 0.992294 0.000000 0.000000 0.000000 0.000000 1.000000
0.996365 -0.027242 -0.080709 -0.000000 0.017550 0.992806 -0.118444 7.527800 0.083355 0.116597 0.989675 -0.000000 0.000000 0.000000 0.000000 1.000000
0.995788 -0.011560 -0.090957 0.000000 0.000900 0.993204 -0.116379 7.527800 0.091684 0.115807 0.989031 0.000000 0.000000 0.000000 0.000000 1.000000
0.995726 -0.007644 -0.092040 -0.000000 -0.001090 0.995527 -0.094469 7.527800 0.092351 0.094166 0.991264 -0.000000 0.000000 0.000000 0.000000 1.000000
0.996197 -0.008616 -0.086707 0.000000 0.003033 0.997925 -0.064312 7.527800 0.087081 0.063805 0.994156 0.000000 0.000000 0.000000 0.000000 1.000000
0.997184 -0.008663 -0.074494 -0.000000 0.005135 0.998862 -0.047419 7.527800 0.074820 0.046903 0.996093 0.000000 0.000000 0.000000 0.000000 1.000000
0.998587 -0.007752 -0.052570 -0.000000 0.005003 0.998623 -0.052223 7.527800 0.052903 0.051886 0.997251 0.000000 0.000000 0.000000 0.000000 1.000000
0.999748 -0.006707 -0.021414 0.000000 0.005266 0.997763 -0.066640 7.527800 0.021813 0.066510 0.997547 0.000000 0.000000 0.000000 0.000000 1.000000
0.999894 -0.003352 0.014171 0.000000 0.004387 0.997275 -0.073649 7.527800 -0.013885 0.073704 0.997184 0.000000 0.000000 0.000000 0.000000 1.000000</float_array>
        <technique_common>
          <accessor source="#mixamorig_Spine2-Matrix-animation-output-transform-array" count="27" stride="16">
            <param type="float4x4"/>
          </accessor>
        </technique_common>
      </source>
      <source id="mixamorig_Spine2-Interpolations">
        <Name_array id="mixamorig_Spine2-Interpolations-array" count="27">
 LINEAR LINEAR LINEAR LINEAR LINEAR LINEAR LINEAR LINEAR LINEAR LINEAR LINEAR
LINEAR LINEAR LINEAR LINEAR LINEAR LINEAR LINEAR LINEAR LINEAR LINEAR LINEAR LINEAR
LINEAR LINEAR LINEAR LINEAR</Name_array>
        <technique_common>
          <accessor source="#mixamorig_Spine2-Interpolations-array" count="27">
            <param type="name"/>
          </accessor>
        </technique_common>
      </source>
      <sampler id="mixamorig_Spine2-Matrix-animation-transform">
        <input semantic="INPUT" source="#mixamorig_Spine2-Matrix-animation-input"/>
        <input semantic="OUTPUT" source="#mixamorig_Spine2-Matrix-animation-output-transform"/>
        <input semantic="INTERPOLATION" source="#mixamorig_Spine2-Interpolations"/>
      </sampler>
      <channel source="#mixamorig_Spine2-Matrix-animation-transform" target="mixamorig_Spine2/matrix"/>
    </animation>
    <animation id="mixamorig_Neck-anim" name="mixamorig_Neck">
      <source id="mixamorig_Neck-Matrix-animation-input">
        <float_array id="mixamorig_Neck-Matrix-animation-input-array" count="27">

0.000000 0.033333 0.066667 0.100000 0.133333 0.166667 0.200000 0.233333 0.266667 0.300000 0.333333 0.366667 0.400000 0.433333 0.466667 0.500000
0.533333 0.566667 0.600000 0.633333 0.666667 0.700000 0.733333 0.766667 0.800000 0.833333 0.866667</float_array>
        <technique_common>
          <accessor source="#mixamorig_Neck-Matrix-animation-input-array" count="27">
            <param name="TIME" type="float"/>
          </accessor>
        </technique_common>
      </source>
      <source id="mixamorig_Neck-Matrix-animation-output-transform">
        <float_array id="mixamorig_Neck-Matrix-animation-output-transform-array" count="432">

0.999850 -0.017257 0.001326 0.000000 0.016759 0.984459 0.174814 8.468700 -0.004322 -0.174766 0.984601 -0.000000 0.000000 0.000000 0.000000 1.000000
0.999812 0.000136 -0.019391 0.000000 0.002985 0.986974 0.160850 8.468700 0.019161 -0.160878 0.986788 -0.000000 0.000000 0.000000 0.000000 1.000000
0.998674 0.008616 -0.050753 0.000000 -0.002183 0.992096 0.125462 8.468700 0.051433 -0.125185 0.990799 -0.000000 0.000000 0.000000 0.000000 1.000000
0.996327 0.007540 -0.085294 0.000000 -0.000686 0.996786 0.080104 8.468700 0.085623 -0.079751 0.993131 -0.000000 0.000000 0.000000 0.000000 1.000000
0.993787 0.001196 -0.111294 -0.000000 0.003090 0.999260 0.038334 8.468700 0.111258 -0.038439 0.993048 -0.000000 0.000000 0.000000 0.000000 1.000000
0.992626 -0.004647 -0.121130 0.000000 0.005737 0.999946 0.008654 8.468700 0.121083 -0.009286 0.992599 0.000000 0.000000 0.000000 0.000000 1.000000
0.992976 -0.007269 -0.118090 0.000000 0.006453 0.999953 -0.007291 8.468700 0.118137 0.006478 0.992976 0.000000 0.000000 0.000000 0.000000 1.000000
0.993728 -0.006679 -0.111625 -0.000000 0.005635 0.999937 -0.009666 8.468700 0.111682 0.008976 0.993703 0.000000 0.000000 0.000000 0.000000 1.000000
0.994165 -0.004977 -0.107755 0.000000 0.005131 0.999986 0.001155 8.468700 0.107748 -0.001702 0.994177 -0.000000 0.000000 0.000000 0.000000 1.000000
0.994367 -0.005335 -0.105858 0.000000 0.007631 0.999744 0.021298 8.468700 0.105717 -0.021986 0.994153 0.000000 0.000000 0.000000 0.000000 1.000000
0.994611 -0.009400 -0.103250 0.000000 0.013924 0.998970 0.043183 8.468700 0.102737 -0.044388 0.993718 0.000000 0.000000 0.000000 0.000000 1.000000
0.994900 -0.015744 -0.099635 -0.000000 0.021825 0.997945 0.060237 8.468700 0.098482 -0.062104 0.993199 0.000000 0.000000 0.000000 0.000000 1.000000
0.995135 -0.020796 -0.096300 0.000000 0.027560 0.997205 0.069452 8.468700 0.094586 -0.071768 0.992926 0.000000 0.000000 0.000000 0.000000 1.000000
0.995419 -0.021338 -0.093200 0.000000 0.027806 0.997252 0.068668 8.468700 0.091478 -0.070945 0.993277 0.000000 0.000000 0.000000 0.000000 1.000000
0.995939 -0.017068 -0.088395 0.000000 0.021902 0.998300 0.054015 8.468700 0.087323 -0.055732 0.994620 0.000000 0.000000 0.000000 0.000000 1.000000
0.996759 -0.011530 -0.079621 -0.000000 0.013472 0.999624 0.023898 8.468700 0.079315 -0.024893 0.996539 0.000000 0.000000 0.000000 0.000000 1.000000
0.997786 -0.010312 -0.065705 -0.000000 0.009409 0.999857 -0.014033 8.468700 0.065840 0.013384 0.997740 0.000000 0.000000 0.000000 0.000000 1.000000
0.998722 -0.016719 -0.047704 0.000000 0.014593 0.998900 -0.044560 8.468700 0.048396 0.043807 0.997867 -0.000000 0.000000 0.000000 0.000000 1.000000
0.999174 -0.027825 -0.029604 0.000000 0.026072 0.997974 -0.058028 8.468700 0.031159 0.057208 0.997876 0.000000 0.000000 0.000000 0.000000 1.000000
0.999220 -0.035985 -0.016239 0.000000 0.034936 0.997538 -0.060810 8.468700 0.018387 0.060195 0.998017 0.000000 0.000000 0.000000 0.000000 1.000000
0.999332 -0.035459 -0.008821 0.000000 0.034790 0.997145 -0.067016 8.468700 0.011172 0.066664 0.997713 0.000000 0.000000 0.000000 0.000000 1.000000
0.999627 -0.027096 -0.003447 0.000000 0.026756 0.996740 -0.076118 8.468700 0.005498 0.075998 0.997093 0.000000 0.000000 0.000000 0.000000 1.000000
0.999836 -0.017438 0.004856 0.000000 0.017718 0.997702 -0.065397 8.468700 -0.003705 0.065473 0.997847 0.000000 0.000000 0.000000 0.000000 1.000000
0.999789 -0.012834 0.016049 0.000000 0.013077 0.999799 -0.015175 8.468700 -0.015851 0.015382 0.999756 0.000000 0.000000 0.000000 0.000000 1.000000
0.999633 -0.013780 0.023319 0.000000 0.012299 0.997969 0.062508 8.468700 -0.024133 -0.062198 0.997772 0.000000 0.000000 0.000000 0.000000 1.000000
0.999682 -0.016269 0.019279 0.000000 0.013540 0.990873 0.134115 8.468700 -0.021285 -0.133811 0.990778 0.000000 0.000000 0.000000 0.000000 1.000000
0.999850 -0.017257 0.001326 0.000000 0.016759 0.984459 0.174814 8.468700 -0.004322 -0.174766 0.984601 0.000000 0.000000 0.000000 0.000000 1.000000</float_array>
        <technique_common>
          <accessor source="#mixamorig_Neck-Matrix-animation-output-transform-array" count="27" stride="16">
            <param type="float4x4"/>
          </accessor>
        </technique_common>
      </source>
      <source id="mixamorig_Neck-Interpolations">
        <Name_array id="mixamorig_Neck-Interpolations-array" count="27">
 LINEAR LINEAR LINEAR LINEAR LINEAR LINEAR LINEAR LINEAR LINEAR LINEAR LINEAR
LINEAR LINEAR LINEAR LINEAR LINEAR LINEAR LINEAR LINEAR LINEAR LINEAR LINEAR LINEAR
LINEAR LINEAR LINEAR LINEAR</Name_array>
        <technique_common>
          <accessor source="#mixamorig_Neck-Interpolations-array" count="27">
            <param type="name"/>
          </accessor>
        </technique_common>
      </source>
      <sampler id="mixamorig_Neck-Matrix-animation-transform">
        <input semantic="INPUT" source="#mixamorig_Neck-Matrix-animation-input"/>
        <input semantic="OUTPUT" source="#mixamorig_Neck-Matrix-animation-output-transform"/>
        <input semantic="INTERPOLATION" source="#mixamorig_Neck-Interpolations"/>
      </sampler>
      <channel source="#mixamorig_Neck-Matrix-animation-transform" target="mixamorig_Neck/matrix"/>
    </animation>
    <animation id="mixamorig_Head-anim" name="mixamorig_Head">
      <source id="mixamorig_Head-Matrix-animation-input">
        <float_array id="mixamorig_Head-Matrix-animation-input-array" count="27">

0.000000 0.033333 0.066667 0.100000 0.133333 0.166667 0.200000 0.233333 0.266667 0.300000 0.333333 0.366667 0.400000 0.433333 0.466667 0.500000
0.533333 0.566667 0.600000 0.633333 0.666667 0.700000 0.733333 0.766667 0.800000 0.833333 0.866667</float_array>
        <technique_common>
          <accessor source="#mixamorig_Head-Matrix-animation-input-array" count="27">
            <param name="TIME" type="float"/>
          </accessor>
        </technique_common>
      </source>
      <source id="mixamorig_Head-Matrix-animation-output-transform">
        <float_array id="mixamorig_Head-Matrix-animation-output-transform-array" count="432">

0.984634 -0.008521 0.174425 0.000000 -0.059652 0.922321 0.381792 5.998900 -0.164129 -0.386330 0.907640 -1.159000 0.000000 0.000000 0.000000 1.000000
0.999281 0.004468 0.037652 -0.000000 -0.017896 0.931048 0.364457 5.998900 -0.033427 -0.364869 0.930459 -1.159000 0.000000 0.000000 0.000000 1.000000
0.992413 -0.018301 -0.121577 0.000000 0.050847 0.961423 0.270332 5.998900 0.111940 -0.274463 0.955060 -1.159000 0.000000 0.000000 0.000000 1.000000
0.955494 -0.077343 -0.284692 -0.000000 0.119254 0.983924 0.132937 5.998900 0.269833 -0.160971 0.949357 -1.159000 0.000000 0.000000 0.000000 1.000000
0.907774 -0.141111 -0.395011 -0.000000 0.156975 0.987571 0.007951 5.998900 0.388979 -0.069225 0.918642 -1.159000 0.000000 0.000000 0.000000 1.000000
0.894494 -0.173716 -0.411951 0.000000 0.161321 0.984761 -0.064980 5.998900 0.416962 -0.008332 0.908886 -1.159000 0.000000 0.000000 0.000000 1.000000
0.921545 -0.167600 -0.350236 0.000000 0.147117 0.985503 -0.084502 5.998900 0.359322 0.026347 0.932842 -1.159000 0.000000 0.000000 0.000000 1.000000
0.955047 -0.132853 -0.265019 -0.000000 0.123023 0.990964 -0.053430 5.998900 0.269723 0.018425 0.962762 -1.159000 0.000000 0.000000 0.000000 1.000000
0.975128 -0.083565 -0.205285 0.000000 0.092273 0.995180 0.033202 5.998900 0.201521 -0.051318 0.978139 -1.159000 0.000000 0.000000 0.000000 1.000000
0.983694 -0.035720 -0.176265 0.000000 0.064100 0.985349 0.158048 5.998900 0.168037 -0.166770 0.971572 -1.159000 0.000000 0.000000 0.000000 1.000000
0.987300 0.000344 -0.158868 0.000000 0.044285 0.959766 0.277288 5.998900 0.152571 -0.280802 0.947561 -1.159000 0.000000 0.000000 0.000000 1.000000
0.989164 0.027983 -0.144124 0.000000 0.025949 0.932892 0.359220 5.998900 0.144504 -0.359067 0.922057 -1.159000 0.000000 0.000000 0.000000 1.000000
0.989234 0.056261 -0.135098 0.000000 0.002872 0.915507 0.402291 5.998900 0.146317 -0.398348 0.905489 -1.159000 0.000000 0.000000 0.000000 1.000000
0.987869 0.086941 -0.128672 -0.000000 -0.026200 0.910022 0.413732 5.998900 0.153065 -0.405342 0.901260 -1.159000 0.000000 0.000000 0.000000 1.000000
0.987606 0.115949 -0.105787 0.000000 -0.066106 0.918580 0.389667 5.998900 0.142356 -0.377844 0.914860 -1.159000 0.000000 0.000000 0.000000 1.000000
0.989247 0.140079 -0.042058 -0.000000 -0.119172 0.938714 0.323442 5.998900 0.084787 -0.314952 0.945313 -1.159000 0.000000 0.000000 0.000000 1.000000
0.986111 0.151131 0.068879 0.000000 -0.163166 0.958968 0.231857 5.998900 -0.031012 -0.239875 0.970308 -1.159000 0.000000 0.000000 0.000000 1.000000
0.971127 0.131883 0.198793 0.000000 -0.165816 0.972251 0.165021 5.998900 -0.171513 -0.193220 0.966048 -1.159000 0.000000 0.000000 0.000000 1.000000
0.951452 0.077750 0.297815 -0.000000 -0.129733 0.978725 0.158953 5.998900 -0.279121 -0.189873 0.941297 -1.159000 0.000000 0.000000 0.000000 1.000000
0.941518 0.019793 0.336381 -0.000000 -0.084203 0.980423 0.177993 5.998900 -0.326272 -0.195908 0.924752 -1.159000 0.000000 0.000000 0.000000 1.000000
0.942697 0.001435 0.333647 0.000000 -0.055651 0.986659 0.152993 5.998900 -0.328977 -0.162794 0.930200 -1.159000 0.000000 0.000000 0.000000 1.000000
0.942197 0.029634 0.333746 0.000000 -0.056711 0.995814 0.071681 5.998900 -0.330225 -0.086465 0.939934 -1.159000 0.000000 0.000000 0.000000 1.000000
0.929984 0.067750 0.361303 0.000000 -0.072775 0.997348 0.000302 5.998900 -0.360325 -0.026575 0.932448 -1.159000 0.000000 0.000000 0.000000 1.000000
0.912953 0.077558 0.400626 -0.000000 -0.090065 0.995858 0.012452 5.998900 -0.398000 -0.047450 0.916157 -1.159000 0.000000 0.000000 0.000000 1.000000
0.912529 0.054055 0.405425 0.000000 -0.109416 0.987364 0.114628 5.998900 -0.394106 -0.148962 0.906913 -1.159000 0.000000 0.000000 0.000000 1.000000
0.942136 0.018330 0.334729 -0.000000 -0.109709 0.960378 0.256199 5.998900 -0.316770 -0.278097 0.906818 -1.159000 0.000000 0.000000 0.000000 1.000000
0.984634 -0.008521 0.174425 0.000000 -0.059652 0.922321 0.381792 5.998900 -0.164129 -0.386330 0.907640 -1.159000 0.000000 0.000000 0.000000 1.000000</float_array>
        <technique_common>
          <accessor source="#mixamorig_Head-Matrix-animation-output-transform-array" count="27" stride="16">
            <param type="float4x4"/>
          </accessor>
        </technique_common>
      </source>
      <source id="mixamorig_Head-Interpolations">
        <Name_array id="mixamorig_Head-Interpolations-array" count="27">
 LINEAR LINEAR LINEAR LINEAR LINEAR LINEAR LINEAR LINEAR LINEAR LINEAR LINEAR
LINEAR LINEAR LINEAR LINEAR LINEAR LINEAR LINEAR LINEAR LINEAR LINEAR LINEAR LINEAR
LINEAR LINEAR LINEAR LINEAR</Name_array>
        <technique_common>
          <accessor source="#mixamorig_Head-Interpolations-array" count="27">
            <param type="name"/>
          </accessor>
        </technique_common>
      </source>
      <sampler id="mixamorig_Head-Matrix-animation-transform">
        <input semantic="INPUT" source="#mixamorig_Head-Matrix-animation-input"/>
        <input semantic="OUTPUT" source="#mixamorig_Head-Matrix-animation-output-transform"/>
        <input semantic="INTERPOLATION" source="#mixamorig_Head-Interpolations"/>
      </sampler>
      <channel source="#mixamorig_Head-Matrix-animation-transform" target="mixamorig_Head/matrix"/>
    </animation>
    <animation id="mixamorig_LeftShoulder-anim" name="mixamorig_LeftShoulder">
      <source id="mixamorig_LeftShoulder-Matrix-animation-input">
        <float_array id="mixamorig_LeftShoulder-Matrix-animation-input-array" count="27">

0.000000 0.033333 0.066667 0.100000 0.133333 0.166667 0.200000 0.233333 0.266667 0.300000 0.333333 0.366667 0.400000 0.433333 0.466667 0.500000
0.533333 0.566667 0.600000 0.633333 0.666667 0.700000 0.733333 0.766667 0.800000 0.833333 0.866667</float_array>
        <technique_common>
          <accessor source="#mixamorig_LeftShoulder-Matrix-animation-input-array" count="27">
            <param name="TIME" type="float"/>
          </accessor>
        </technique_common>
      </source>
      <source id="mixamorig_LeftShoulder-Matrix-animation-output-transform">
        <float_array id="mixamorig_LeftShoulder-Matrix-animation-output-transform-array" count="432">

-0.044429 0.897729 -0.438302 3.414700 0.009495 -0.438336 -0.898761 7.343400 -0.998967 -0.044093 0.010951 -0.017400 0.000000 0.000000 0.000000 1.000000
-0.131994 0.905449 -0.403411 3.414700 0.019377 -0.404537 -0.914316 7.343400 -0.991061 -0.128501 0.035852 -0.017400 0.000000 0.000000 0.000000 1.000000
-0.201145 0.927151 -0.316119 3.414700 0.035934 -0.315513 -0.948241 7.343400 -0.978902 -0.202093 0.030148 -0.017400 0.000000 0.000000 0.000000 1.000000
-0.227986 0.946626 -0.227863 3.414700 0.054614 -0.221225 -0.973692 7.343400 -0.972132 -0.234433 -0.001263 -0.017400 0.000000 0.000000 0.000000 1.000000
-0.229053 0.957322 -0.176267 3.414700 0.075989 -0.162944 -0.983705 7.343400 -0.970443 -0.238715 -0.035424 -0.017400 0.000000 0.000000 0.000000 1.000000
-0.240355 0.958208 -0.155137 3.414700 0.092527 -0.136478 -0.986313 7.343400 -0.966265 -0.251420 -0.055857 -0.017400 0.000000 0.000000 0.000000 1.000000
-0.261474 0.955700 -0.135162 3.414700 0.096761 -0.113374 -0.988829 7.343400 -0.960348 -0.271632 -0.062830 -0.017400 0.000000 0.000000 0.000000 1.000000
-0.258210 0.960217 -0.106350 3.414700 0.089055 -0.085957 -0.992311 7.343400 -0.961975 -0.265696 -0.063317 -0.017400 0.000000 0.000000 0.000000 1.000000
-0.211799 0.972580 -0.096068 3.414700 0.083764 -0.079871 -0.993279 7.343400 -0.973717 -0.218423 -0.064551 -0.017400 0.000000 0.000000 0.000000 1.000000
-0.138508 0.981500 -0.132188 3.414700 0.086951 -0.120907 -0.988848 7.343400 -0.986537 -0.148457 -0.068596 -0.017400 0.000000 0.000000 0.000000 1.000000
-0.071445 0.978835 -0.191776 3.414700 0.087202 -0.185402 -0.978786 7.343400 -0.993625 -0.086653 -0.072110 -0.017400 0.000000 0.000000 0.000000 1.000000
-0.024740 0.972272 -0.232540 3.414700 0.078295 -0.230012 -0.970033 7.343400 -0.996623 -0.042205 -0.070433 -0.017400 0.000000 0.000000 0.000000 1.000000
0.009421 0.970737 -0.239960 3.414700 0.063181 -0.240069 -0.968698 7.343400 -0.997958 -0.006035 -0.063594 -0.017400 0.000000 0.000000 0.000000 1.000000
